5 6 7 9 11 12 13 15 17 18 19 21 22 24 25 
3 4 5 6 7 9 11 13 15 17 18 20 22 23 24 
1 2 5 6 7 9 10 11 13 14 15 17 18 22 24 
3 4 6 7 9 11 12 13 17 19 20 21 23 24 25 
1 2 6 7 9 10 11 12 13 14 17 19 21 24 25 
1 2 3 4 6 7 9 10 11 13 14 17 20 23 24 
3 4 5 11 12 13 15 18 19 20 21 22 23 24 25 
1 2 5 10 11 12 13 14 15 18 19 21 22 24 25 
1 2 3 4 5 10 11 13 14 15 18 20 22 23 24 
1 2 3 4 10 11 12 13 14 19 20 21 23 24 25 
1 2 3 4 5 6 7 9 10 11 12 13 14 15 24 
1 2 3 4 5 6 7 9 11 13 17 18 19 20 24 
1 2 3 4 5 6 7 9 11 13 21 22 23 24 25 
1 2 3 4 10 11 12 13 14 15 17 18 19 20 24 
1 2 3 4 10 11 12 13 14 15 21 22 23 24 25 
1 2 3 4 11 13 17 18 19 20 21 22 23 24 25 
5 6 7 9 10 11 12 13 14 15 17 18 19 20 24 
5 6 7 9 10 11 12 13 14 15 21 22 23 24 25 
5 6 7 9 11 13 17 18 19 20 21 22 23 24 25 
10 11 12 13 14 15 17 18 19 20 21 22 23 24 25 
