1576 (23/10/2017) 1 2 5 7 8 9 11 12 14 15 16 18 20 21 25
1575 (20/10/2017) 1 3 5 6 7 9 10 11 12 14 16 17 22 23 25
1574 (18/10/2017) 1 2 3 5 6 7 10 11 12 14 15 17 18 21 22
1573 (16/10/2017) 2 6 7 8 10 11 12 13 14 15 16 17 18 19 23
1572 (13/10/2017) 2 4 5 6 8 9 10 13 16 18 19 21 22 23 24
1571 (11/10/2017) 1 3 4 5 6 7 11 12 14 17 18 19 23 24 25
1570 (09/10/2017) 1 3 7 8 9 11 13 16 18 19 20 21 23 24 25
1569 (06/10/2017) 2 4 8 9 10 12 13 14 16 18 20 21 23 24 25
1568 (04/10/2017) 1 2 3 4 6 7 10 11 13 16 17 19 21 22 24
1567 (02/10/2017) 2 3 5 7 9 10 11 12 14 15 17 18 19 21 24
1566 (29/09/2017) 1 2 4 5 7 8 9 13 14 15 16 19 23 24 25
1565 (27/09/2017) 1 3 6 7 8 9 10 11 12 13 15 17 18 24 25
1564 (25/09/2017) 3 4 6 8 9 11 12 13 16 17 18 19 20 21 24
1563 (22/09/2017) 1 2 3 5 6 9 10 12 13 17 18 20 21 22 23
1562 (20/09/2017) 1 2 3 4 5 6 7 8 9 11 12 14 16 17 18
1561 (18/09/2017) 3 5 6 7 8 12 13 15 16 18 20 21 22 24 25
1560 (15/09/2017) 1 2 3 4 5 7 8 9 11 14 17 18 20 24 25
1559 (13/09/2017) 3 4 5 6 7 9 10 11 14 16 18 19 20 23 25
1558 (11/09/2017) 1 2 4 5 6 9 11 14 15 16 17 18 21 22 25
1557 (07/09/2017) 2 3 4 5 6 9 12 16 17 18 20 21 22 24 25
