01577 23/10/2017 12 01
01567 02/10/2017 11 01
01565 27/09/2017 11 01
01561 18/09/2017 11 01
01553 21/08/2017 11 01
01547 07/08/2017 11 01
01535 10/07/2017 11 01
01526 19/06/2017 11 01
01501 19/04/2017 11 01
01480 01/03/2017 11 01
01478 22/02/2017 12 01
01461 13/01/2017 11 01
01447 12/12/2016 11 01
01434 11/11/2016 11 01
01415 23/09/2016 11 01
01412 16/09/2016 13 01
01406 26/08/2016 11 01
01399 10/08/2016 12 01
01396 03/08/2016 11 01
01395 01/08/2016 11 01
01384 06/07/2016 11 01
01377 20/06/2016 11 01
01371 06/06/2016 11 01
01364 20/05/2016 11 01
01336 16/03/2016 11 01
01334 11/03/2016 11 01
01324 17/02/2016 11 01
01322 12/02/2016 11 01
01295 09/12/2015 11 01
01287 20/11/2015 12 01
01282 09/11/2015 11 01
01281 06/11/2015 11 01
01278 30/10/2015 11 01
01268 07/10/2015 11 01
01267 05/10/2015 12 01
01249 17/08/2015 11 01
01237 20/07/2015 11 01
01215 29/05/2015 11 01
01195 13/04/2015 11 01
01185 20/03/2015 11 01
01157 12/01/2015 11 01
01156 09/01/2015 11 01
01126 31/10/2014 11 01
01125 29/10/2014 11 01
01095 15/08/2014 11 01
01092 08/08/2014 11 01
01086 25/07/2014 11 01
01082 16/07/2014 11 01
01079 09/07/2014 11 01
01078 07/07/2014 11 01
01058 21/05/2014 12 01
01050 02/05/2014 11 01
01037 31/03/2014 11 01
01036 28/03/2014 11 01
01035 26/03/2014 11 01
01020 17/02/2014 11 01
01012 29/01/2014 11 01
00991 06/12/2013 12 01
00988 29/11/2013 11 01
00987 27/11/2013 11 01
00985 22/11/2013 11 01
00948 23/08/2013 11 01
00942 09/08/2013 11 01
00926 03/07/2013 11 01
00913 03/06/2013 11 01
00904 13/05/2013 11 01
00894 17/04/2013 12 01
00889 05/04/2013 12 01
00885 27/03/2013 11 01
00883 22/03/2013 11 01
00873 27/02/2013 11 01
00840 10/12/2012 11 01
00833 23/11/2012 11 01
00810 01/10/2012 11 01
00797 27/08/2012 11 01
00778 13/07/2012 11 01
00773 02/07/2012 11 01
00770 25/06/2012 11 01
00766 15/06/2012 11 01
00735 04/04/2012 11 01
00731 26/03/2012 11 01
00725 12/03/2012 12 01
00718 24/02/2012 11 01
00714 13/02/2012 11 01
00669 13/09/2011 11 01
00665 29/08/2011 11 01
00663 22/08/2011 11 01
00644 16/06/2011 11 01
00635 16/05/2011 11 01
00629 25/04/2011 11 01
00622 31/03/2011 11 01
00618 17/03/2011 11 01
00616 10/03/2011 11 01
00614 03/03/2011 11 01
00607 07/02/2011 12 01
00604 27/01/2011 11 01
00595 27/12/2010 12 01
00582 11/11/2010 11 01
00581 08/11/2010 11 01
00576 21/10/2010 11 01
00575 18/10/2010 11 01
00571 04/10/2010 11 01
00545 05/07/2010 11 01
00540 17/06/2010 11 01
00538 10/06/2010 11 01
00535 31/05/2010 11 01
00534 27/05/2010 11 01
00532 20/05/2010 11 01
00522 15/04/2010 11 01
00519 05/04/2010 11 01
00514 18/03/2010 13 01
00511 08/03/2010 11 01
00509 01/03/2010 11 01
00506 18/02/2010 12 01
00505 13/02/2010 11 01
00496 14/01/2010 11 01
00495 11/01/2010 11 01
00488 17/12/2009 12 01
00487 14/12/2009 11 01
00483 30/11/2009 11 01
00480 19/11/2009 13 01
00476 05/11/2009 11 01
00473 27/10/2009 11 01
00468 08/10/2009 12 01
00467 05/10/2009 11 01
00454 20/08/2009 11 01
00450 06/08/2009 11 01
00442 09/07/2009 12 01
00438 25/06/2009 11 01
00434 12/06/2009 11 01
00420 23/04/2009 11 01
00411 23/03/2009 11 01
00405 02/03/2009 11 01
00403 19/02/2009 11 01
00390 05/01/2009 11 01
00383 11/12/2008 11 01
00381 04/12/2008 11 01
00366 13/10/2008 11 01
00364 06/10/2008 11 01
00359 18/09/2008 11 01
00341 17/07/2008 12 01
00331 12/06/2008 11 01
00330 09/06/2008 11 01
00328 02/06/2008 11 01
00320 05/05/2008 11 01
00292 24/01/2008 11 01
00287 07/01/2008 11 01
00284 27/12/2007 12 01
00278 06/12/2007 11 01
00273 19/11/2007 11 01
00266 25/10/2007 11 01
00265 22/10/2007 11 01
00259 01/10/2007 11 01
00258 27/09/2007 11 01
00253 10/09/2007 11 01
00246 16/08/2007 11 01
00244 09/08/2007 11 01
00237 16/07/2007 11 01
00232 28/06/2007 11 01
00231 25/06/2007 11 01
00216 03/05/2007 11 01
00209 09/04/2007 11 01
00187 18/01/2007 11 01
00186 15/01/2007 11 01
00175 07/12/2006 11 01
00129 13/03/2006 12 01
00123 30/01/2006 12 01
00117 19/12/2005 11 01
00115 05/12/2005 11 01
00111 07/11/2005 13 01
00107 10/10/2005 11 01
00105 26/09/2005 12 01
00104 19/09/2005 12 01
00089 06/06/2005 11 01
00048 23/08/2004 11 01
00039 21/06/2004 11 01
00016 12/01/2004 11 01
01577 23/10/2017 11 02
01550 14/08/2017 11 02
01535 10/07/2017 11 02
01526 19/06/2017 11 02
01502 22/04/2017 12 02
01491 27/03/2017 11 02
01490 24/03/2017 11 02
01483 08/03/2017 13 02
01479 24/02/2017 12 02
01463 18/01/2017 12 02
01458 06/01/2017 11 02
01449 16/12/2016 12 02
01434 11/11/2016 12 02
01421 07/10/2016 11 02
01418 30/09/2016 11 02
01417 28/09/2016 11 02
01412 16/09/2016 11 02
01406 26/08/2016 11 02
01396 03/08/2016 11 02
01393 27/07/2016 12 02
01390 20/07/2016 11 02
01387 13/07/2016 11 02
01384 06/07/2016 11 02
01371 06/06/2016 12 02
01367 27/05/2016 12 02
01359 09/05/2016 11 02
01358 06/05/2016 11 02
01357 04/05/2016 11 02
01335 14/03/2016 11 02
01334 11/03/2016 11 02
01333 09/03/2016 11 02
01329 29/02/2016 11 02
01321 10/02/2016 11 02
01312 18/01/2016 11 02
01305 02/01/2016 11 02
01302 26/12/2015 11 02
01298 16/12/2015 11 02
01287 20/11/2015 12 02
01280 04/11/2015 11 02
01267 05/10/2015 11 02
01260 18/09/2015 12 02
01253 26/08/2015 11 02
01249 17/08/2015 11 02
01235 15/07/2015 11 02
01228 29/06/2015 11 02
01225 22/06/2015 11 02
01222 15/06/2015 11 02
01220 10/06/2015 11 02
01215 29/05/2015 11 02
01198 20/04/2015 11 02
01186 23/03/2015 11 02
01181 11/03/2015 12 02
01164 28/01/2015 11 02
01162 23/01/2015 11 02
01127 03/11/2014 11 02
01105 12/09/2014 12 02
01095 15/08/2014 11 02
01090 04/08/2014 11 02
01083 18/07/2014 11 02
01082 16/07/2014 11 02
01078 07/07/2014 11 02
01073 25/06/2014 11 02
01072 23/06/2014 11 02
01062 30/05/2014 11 02
01058 21/05/2014 11 02
01054 12/05/2014 11 02
01053 09/05/2014 11 02
01045 19/04/2014 11 02
01011 27/01/2014 11 02
01006 15/01/2014 12 02
00996 18/12/2013 11 02
00992 09/12/2013 11 02
00989 02/12/2013 11 02
00987 27/11/2013 12 02
00985 22/11/2013 11 02
00982 16/11/2013 12 02
00971 21/10/2013 12 02
00963 02/10/2013 11 02
00945 16/08/2013 11 02
00943 12/08/2013 11 02
00942 09/08/2013 11 02
00916 10/06/2013 11 02
00914 05/06/2013 12 02
00913 03/06/2013 11 02
00910 27/05/2013 11 02
00893 15/04/2013 11 02
00851 04/01/2013 11 02
00842 14/12/2012 11 02
00810 01/10/2012 11 02
00804 17/09/2012 12 02
00773 02/07/2012 11 02
00769 22/06/2012 11 02
00754 18/05/2012 11 02
00727 16/03/2012 11 02
00718 24/02/2012 11 02
00691 28/11/2011 11 02
00689 21/11/2011 12 02
00675 03/10/2011 11 02
00663 22/08/2011 11 02
00661 15/08/2011 11 02
00656 28/07/2011 11 02
00647 27/06/2011 11 02
00635 16/05/2011 11 02
00622 31/03/2011 11 02
00614 03/03/2011 11 02
00599 10/01/2011 11 02
00593 20/12/2010 11 02
00563 06/09/2010 11 02
00561 30/08/2010 11 02
00549 19/07/2010 11 02
00545 05/07/2010 11 02
00541 21/06/2010 11 02
00537 07/06/2010 11 02
00536 04/06/2010 12 02
00525 26/04/2010 11 02
00517 29/03/2010 11 02
00513 15/03/2010 11 02
00506 18/02/2010 11 02
00505 13/02/2010 12 02
00496 14/01/2010 11 02
00495 11/01/2010 11 02
00488 17/12/2009 11 02
00486 10/12/2009 11 02
00485 07/12/2009 11 02
00483 30/11/2009 11 02
00480 19/11/2009 11 02
00470 15/10/2009 12 02
00463 21/09/2009 11 02
00461 14/09/2009 11 02
00458 03/09/2009 12 02
00454 20/08/2009 11 02
00450 06/08/2009 11 02
00448 30/07/2009 11 02
00442 09/07/2009 11 02
00438 25/06/2009 11 02
00434 12/06/2009 11 02
00431 01/06/2009 11 02
00430 28/05/2009 12 02
00428 21/05/2009 11 02
00423 04/05/2009 11 02
00419 20/04/2009 12 02
00396 26/01/2009 12 02
00383 11/12/2008 11 02
00369 23/10/2008 11 02
00368 20/10/2008 11 02
00366 13/10/2008 12 02
00364 06/10/2008 11 02
00363 02/10/2008 11 02
00362 29/09/2008 11 02
00360 22/09/2008 11 02
00352 25/08/2008 11 02
00299 21/02/2008 11 02
00280 13/12/2007 11 02
00267 29/10/2007 11 02
00266 25/10/2007 11 02
00262 11/10/2007 11 02
00260 04/10/2007 11 02
00254 13/09/2007 11 02
00244 09/08/2007 11 02
00237 16/07/2007 11 02
00222 24/05/2007 11 02
00210 12/04/2007 11 02
00197 26/02/2007 11 02
00189 25/01/2007 11 02
00179 21/12/2006 11 02
00152 21/08/2006 12 02
00151 14/08/2006 11 02
00142 12/06/2006 11 02
00133 10/04/2006 11 02
00129 13/03/2006 11 02
00123 30/01/2006 12 02
00119 02/01/2006 11 02
00117 19/12/2005 11 02
00093 04/07/2005 11 02
00082 18/04/2005 11 02
00058 01/11/2004 11 02
00048 23/08/2004 11 02
00037 07/06/2004 11 02
00025 15/03/2004 11 02
00002 06/10/2003 11 02
01577 23/10/2017 11 03
01574 18/10/2017 12 03
01567 02/10/2017 11 03
01565 27/09/2017 11 03
01558 11/09/2017 11 03
01547 07/08/2017 11 03
01537 14/07/2017 11 03
01527 21/06/2017 11 03
01509 10/05/2017 12 03
01502 22/04/2017 11 03
01501 19/04/2017 11 03
01500 17/04/2017 11 03
01497 10/04/2017 11 03
01479 24/02/2017 11 03
01471 06/02/2017 11 03
01464 20/01/2017 11 03
01458 06/01/2017 11 03
01457 04/01/2017 11 03
01444 05/12/2016 12 03
01443 02/12/2016 11 03
01439 23/11/2016 11 03
01422 10/10/2016 11 03
01418 30/09/2016 11 03
01417 28/09/2016 11 03
01387 13/07/2016 11 03
01379 24/06/2016 11 03
01375 15/06/2016 11 03
01364 20/05/2016 11 03
01354 27/04/2016 11 03
01348 13/04/2016 11 03
01340 26/03/2016 11 03
01336 16/03/2016 11 03
01331 04/03/2016 11 03
01322 12/02/2016 11 03
01306 04/01/2016 11 03
01300 21/12/2015 11 03
01297 14/12/2015 11 03
01293 04/12/2015 12 03
01289 25/11/2015 11 03
01285 16/11/2015 11 03
01283 11/11/2015 11 03
01268 07/10/2015 11 03
01267 05/10/2015 11 03
01266 02/10/2015 11 03
01260 18/09/2015 12 03
01239 24/07/2015 11 03
01235 15/07/2015 11 03
01222 15/06/2015 11 03
01212 22/05/2015 11 03
01206 08/05/2015 11 03
01203 02/05/2015 11 03
01195 13/04/2015 11 03
01191 04/04/2015 11 03
01186 23/03/2015 11 03
01180 09/03/2015 11 03
01174 23/02/2015 11 03
01161 21/01/2015 11 03
01105 12/09/2014 11 03
01101 29/08/2014 11 03
01093 11/08/2014 11 03
01090 04/08/2014 11 03
01084 21/07/2014 11 03
01078 07/07/2014 11 03
01068 13/06/2014 12 03
01067 11/06/2014 11 03
01053 09/05/2014 11 03
01043 14/04/2014 11 03
01043 14/04/2014 11 03
01031 17/03/2014 11 03
01025 28/02/2014 11 03
01012 29/01/2014 11 03
01009 22/01/2014 11 03
00999 27/12/2013 11 03
00991 06/12/2013 12 03
00986 25/11/2013 11 03
00980 11/11/2013 11 03
00977 04/11/2013 12 03
00955 13/09/2013 11 03
00953 09/09/2013 12 03
00948 23/08/2013 11 03
00947 21/08/2013 11 03
00926 03/07/2013 11 03
00919 17/06/2013 11 03
00916 10/06/2013 11 03
00908 22/05/2013 11 03
00906 17/05/2013 11 03
00904 13/05/2013 11 03
00900 03/05/2013 11 03
00897 24/04/2013 11 03
00894 17/04/2013 11 03
00882 20/03/2013 11 03
00873 27/02/2013 11 03
00872 25/02/2013 12 03
00866 08/02/2013 11 03
00861 28/01/2013 11 03
00859 23/01/2013 11 03
00854 11/01/2013 11 03
00851 04/01/2013 12 03
00847 26/12/2012 11 03
00829 14/11/2012 11 03
00827 09/11/2012 11 03
00825 05/11/2012 11 03
00820 24/10/2012 11 03
00805 19/09/2012 11 03
00778 13/07/2012 11 03
00773 02/07/2012 12 03
00762 06/06/2012 12 03
00749 07/05/2012 11 03
00743 23/04/2012 11 03
00725 12/03/2012 11 03
00711 06/02/2012 11 03
00704 12/01/2012 11 03
00696 15/12/2011 11 03
00683 31/10/2011 11 03
00682 27/10/2011 11 03
00675 03/10/2011 11 03
00658 04/08/2011 11 03
00649 04/07/2011 12 03
00644 16/06/2011 11 03
00625 11/04/2011 11 03
00622 31/03/2011 11 03
00604 27/01/2011 11 03
00602 20/01/2011 11 03
00597 03/01/2011 11 03
00585 22/11/2010 11 03
00572 07/10/2010 11 03
00567 20/09/2010 11 03
00550 22/07/2010 12 03
00545 05/07/2010 11 03
00543 28/06/2010 11 03
00537 07/06/2010 12 03
00532 20/05/2010 11 03
00527 03/05/2010 11 03
00515 22/03/2010 11 03
00514 18/03/2010 11 03
00513 15/03/2010 11 03
00511 08/03/2010 11 03
00488 17/12/2009 11 03
00487 14/12/2009 11 03
00483 30/11/2009 11 03
00481 23/11/2009 11 03
00476 05/11/2009 12 03
00472 22/10/2009 11 03
00469 13/10/2009 11 03
00468 08/10/2009 11 03
00467 05/10/2009 12 03
00448 30/07/2009 11 03
00442 09/07/2009 11 03
00424 07/05/2009 11 03
00410 19/03/2009 11 03
00396 26/01/2009 13 03
00388 29/12/2008 11 03
00371 30/10/2008 11 03
00362 29/09/2008 11 03
00330 09/06/2008 11 03
00326 26/05/2008 11 03
00291 21/01/2008 11 03
00290 17/01/2008 11 03
00279 10/12/2007 11 03
00275 26/11/2007 11 03
00269 05/11/2007 11 03
00266 25/10/2007 11 03
00257 24/09/2007 11 03
00256 20/09/2007 11 03
00245 13/08/2007 11 03
00244 09/08/2007 11 03
00234 05/07/2007 11 03
00230 21/06/2007 12 03
00210 12/04/2007 11 03
00209 09/04/2007 11 03
00164 30/10/2006 11 03
00154 04/09/2006 12 03
00145 03/07/2006 12 03
00142 12/06/2006 11 03
00136 02/05/2006 11 03
00117 19/12/2005 11 03
00111 07/11/2005 11 03
00104 19/09/2005 11 03
00098 08/08/2005 11 03
00087 23/05/2005 11 03
00085 09/05/2005 11 03
00080 04/04/2005 11 03
00073 14/02/2005 11 03
00039 21/06/2004 11 03
00038 14/06/2004 11 03
00032 03/05/2004 11 03
00022 25/02/2004 11 03
00019 02/02/2004 11 03
00018 26/01/2004 11 03
01571 11/10/2017 11 04
01570 09/10/2017 11 04
01564 25/09/2017 12 04
01543 28/07/2017 11 04
01536 12/07/2017 11 04
01533 05/07/2017 11 04
01514 22/05/2017 11 04
01496 07/04/2017 12 04
01491 27/03/2017 11 04
01488 20/03/2017 11 04
01483 08/03/2017 11 04
01481 03/03/2017 11 04
01467 27/01/2017 11 04
01466 25/01/2017 11 04
01463 18/01/2017 11 04
01462 16/01/2017 11 04
01446 09/12/2016 11 04
01442 30/11/2016 11 04
01437 18/11/2016 11 04
01421 07/10/2016 11 04
01419 03/10/2016 11 04
01406 26/08/2016 11 04
01396 03/08/2016 11 04
01384 06/07/2016 11 04
01378 22/06/2016 11 04
01371 06/06/2016 11 04
01362 16/05/2016 11 04
01351 20/04/2016 12 04
01344 04/04/2016 11 04
01335 14/03/2016 11 04
01321 10/02/2016 11 04
01316 27/01/2016 11 04
01312 18/01/2016 11 04
01305 02/01/2016 11 04
01298 16/12/2015 12 04
01295 09/12/2015 11 04
01287 20/11/2015 12 04
01286 18/11/2015 11 04
01282 09/11/2015 11 04
01262 23/09/2015 11 04
01244 05/08/2015 11 04
01236 17/07/2015 11 04
01228 29/06/2015 11 04
01220 10/06/2015 11 04
01217 03/06/2015 12 04
01198 20/04/2015 11 04
01181 11/03/2015 11 04
01178 04/03/2015 11 04
01163 26/01/2015 12 04
01162 23/01/2015 12 04
01156 09/01/2015 11 04
01105 12/09/2014 11 04
01087 28/07/2014 12 04
01078 07/07/2014 11 04
01074 27/06/2014 11 04
01073 25/06/2014 11 04
01070 18/06/2014 11 04
01062 30/05/2014 11 04
01058 21/05/2014 11 04
01057 19/05/2014 11 04
01041 09/04/2014 11 04
01035 26/03/2014 11 04
01028 10/03/2014 11 04
01001 03/01/2014 11 04
00996 18/12/2013 12 04
00988 29/11/2013 11 04
00985 22/11/2013 12 04
00982 16/11/2013 11 04
00976 01/11/2013 11 04
00971 21/10/2013 11 04
00945 16/08/2013 12 04
00942 09/08/2013 11 04
00940 05/08/2013 11 04
00910 27/05/2013 11 04
00902 08/05/2013 11 04
00876 06/03/2013 11 04
00858 21/01/2013 11 04
00846 24/12/2012 11 04
00843 17/12/2012 11 04
00840 10/12/2012 12 04
00830 16/11/2012 11 04
00824 03/11/2012 11 04
00821 26/10/2012 11 04
00814 10/10/2012 11 04
00800 06/09/2012 11 04
00777 11/07/2012 11 04
00768 20/06/2012 11 04
00764 11/06/2012 11 04
00750 09/05/2012 11 04
00745 27/04/2012 11 04
00744 25/04/2012 11 04
00738 11/04/2012 11 04
00728 19/03/2012 11 04
00727 16/03/2012 11 04
00720 01/03/2012 12 04
00718 24/02/2012 12 04
00707 23/01/2012 11 04
00687 14/11/2011 11 04
00686 10/11/2011 11 04
00685 07/11/2011 12 04
00672 22/09/2011 11 04
00663 22/08/2011 11 04
00647 27/06/2011 11 04
00637 23/05/2011 11 04
00626 14/04/2011 11 04
00619 21/03/2011 11 04
00618 17/03/2011 11 04
00615 05/03/2011 11 04
00589 06/12/2010 11 04
00588 02/12/2010 11 04
00587 29/11/2010 11 04
00582 11/11/2010 11 04
00581 08/11/2010 11 04
00571 04/10/2010 11 04
00565 13/09/2010 11 04
00564 09/09/2010 11 04
00563 06/09/2010 11 04
00561 30/08/2010 11 04
00554 05/08/2010 11 04
00536 04/06/2010 11 04
00535 31/05/2010 11 04
00528 06/05/2010 11 04
00522 15/04/2010 11 04
00521 12/04/2010 11 04
00519 05/04/2010 12 04
00517 29/03/2010 11 04
00510 04/03/2010 11 04
00506 18/02/2010 11 04
00505 13/02/2010 11 04
00501 01/02/2010 11 04
00499 25/01/2010 11 04
00495 11/01/2010 11 04
00491 28/12/2009 11 04
00475 03/11/2009 11 04
00463 21/09/2009 11 04
00461 14/09/2009 11 04
00456 27/08/2009 11 04
00454 20/08/2009 12 04
00453 17/08/2009 11 04
00434 12/06/2009 12 04
00432 04/06/2009 12 04
00403 19/02/2009 11 04
00389 02/01/2009 11 04
00386 22/12/2008 11 04
00381 04/12/2008 11 04
00373 06/11/2008 11 04
00370 27/10/2008 11 04
00364 06/10/2008 12 04
00353 28/08/2008 11 04
00344 28/07/2008 11 04
00338 07/07/2008 11 04
00335 26/06/2008 11 04
00332 16/06/2008 11 04
00323 15/05/2008 11 04
00307 20/03/2008 11 04
00300 25/02/2008 12 04
00286 03/01/2008 12 04
00284 27/12/2007 11 04
00280 13/12/2007 11 04
00278 06/12/2007 11 04
00267 29/10/2007 11 04
00264 18/10/2007 11 04
00262 11/10/2007 12 04
00258 27/09/2007 11 04
00241 30/07/2007 11 04
00238 19/07/2007 12 04
00232 28/06/2007 11 04
00224 31/05/2007 11 04
00217 07/05/2007 11 04
00216 03/05/2007 12 04
00185 11/01/2007 11 04
00183 04/01/2007 11 04
00182 02/01/2007 11 04
00174 04/12/2006 11 04
00152 21/08/2006 11 04
00144 26/06/2006 11 04
00130 20/03/2006 11 04
00128 06/03/2006 11 04
00123 30/01/2006 12 04
00115 05/12/2005 11 04
00110 31/10/2005 11 04
00109 24/10/2005 11 04
00107 10/10/2005 11 04
00105 26/09/2005 11 04
00101 29/08/2005 11 04
00097 02/08/2005 11 04
00093 04/07/2005 11 04
00089 06/06/2005 11 04
00063 06/12/2004 11 04
00057 25/10/2004 11 04
00053 27/09/2004 11 04
00050 06/09/2004 12 04
00044 26/07/2004 11 04
00041 05/07/2004 11 04
00009 24/11/2003 11 04
00002 06/10/2003 11 04
01568 04/10/2017 11 05
01567 02/10/2017 11 05
01565 27/09/2017 11 05
01547 07/08/2017 11 05
01543 28/07/2017 11 05
01534 07/07/2017 11 05
01520 05/06/2017 11 05
01508 08/05/2017 11 05
01501 19/04/2017 11 05
01496 07/04/2017 11 05
01484 10/03/2017 11 05
01480 01/03/2017 11 05
01478 22/02/2017 11 05
01476 17/02/2017 11 05
01459 09/01/2017 11 05
01456 02/01/2017 12 05
01409 09/09/2016 11 05
01381 29/06/2016 11 05
01378 22/06/2016 11 05
01351 20/04/2016 11 05
01345 06/04/2016 11 05
01344 04/04/2016 11 05
01338 21/03/2016 11 05
01324 17/02/2016 11 05
01322 12/02/2016 11 05
01304 30/12/2015 11 05
01301 23/12/2015 11 05
01300 21/12/2015 11 05
01295 09/12/2015 11 05
01282 09/11/2015 11 05
01271 14/10/2015 11 05
01244 05/08/2015 11 05
01236 17/07/2015 12 05
01230 03/07/2015 11 05
01227 26/06/2015 13 05
01217 03/06/2015 12 05
01207 11/05/2015 11 05
01184 18/03/2015 11 05
01172 18/02/2015 11 05
01163 26/01/2015 12 05
01156 09/01/2015 11 05
01128 05/11/2014 11 05
01101 29/08/2014 11 05
01084 21/07/2014 11 05
01078 07/07/2014 11 05
01077 04/07/2014 11 05
01050 02/05/2014 11 05
01043 14/04/2014 13 05
01043 14/04/2014 13 05
01038 02/04/2014 11 05
01024 26/02/2014 11 05
01012 29/01/2014 11 05
01001 03/01/2014 11 05
00991 06/12/2013 11 05
00980 11/11/2013 12 05
00976 01/11/2013 12 05
00975 30/10/2013 12 05
00974 28/10/2013 11 05
00955 13/09/2013 11 05
00953 09/09/2013 11 05
00949 26/08/2013 11 05
00944 14/08/2013 12 05
00937 29/07/2013 12 05
00928 08/07/2013 11 05
00926 03/07/2013 12 05
00924 28/06/2013 11 05
00919 17/06/2013 11 05
00908 22/05/2013 11 05
00898 26/04/2013 11 05
00894 17/04/2013 11 05
00882 20/03/2013 12 05
00868 15/02/2013 11 05
00847 26/12/2012 11 05
00846 24/12/2012 11 05
00830 16/11/2012 12 05
00827 09/11/2012 11 05
00825 05/11/2012 11 05
00805 19/09/2012 11 05
00785 30/07/2012 11 05
00762 06/06/2012 12 05
00760 01/06/2012 11 05
00755 21/05/2012 11 05
00743 23/04/2012 11 05
00741 18/04/2012 11 05
00740 16/04/2012 11 05
00738 11/04/2012 11 05
00735 04/04/2012 11 05
00726 14/03/2012 11 05
00725 12/03/2012 11 05
00714 13/02/2012 11 05
00700 29/12/2011 11 05
00693 05/12/2011 11 05
00692 01/12/2011 11 05
00690 24/11/2011 11 05
00672 22/09/2011 12 05
00668 08/09/2011 11 05
00658 04/08/2011 11 05
00629 25/04/2011 11 05
00618 17/03/2011 11 05
00616 10/03/2011 11 05
00604 27/01/2011 11 05
00601 17/01/2011 11 05
00595 27/12/2010 12 05
00581 08/11/2010 11 05
00580 04/11/2010 12 05
00579 01/11/2010 11 05
00567 20/09/2010 12 05
00560 26/08/2010 11 05
00554 05/08/2010 11 05
00547 12/07/2010 11 05
00538 10/06/2010 11 05
00526 29/04/2010 11 05
00519 05/04/2010 11 05
00515 22/03/2010 11 05
00511 08/03/2010 13 05
00499 25/01/2010 11 05
00489 21/12/2009 11 05
00476 05/11/2009 12 05
00466 01/10/2009 11 05
00465 28/09/2009 11 05
00456 27/08/2009 11 05
00453 17/08/2009 11 05
00452 13/08/2009 12 05
00439 29/06/2009 11 05
00424 07/05/2009 11 05
00403 19/02/2009 12 05
00399 05/02/2009 11 05
00390 05/01/2009 11 05
00381 04/12/2008 11 05
00375 13/11/2008 11 05
00357 11/09/2008 12 05
00332 16/06/2008 11 05
00326 26/05/2008 11 05
00323 15/05/2008 11 05
00312 07/04/2008 11 05
00290 17/01/2008 11 05
00288 10/01/2008 11 05
00286 03/01/2008 12 05
00278 06/12/2007 11 05
00277 03/12/2007 11 05
00258 27/09/2007 11 05
00257 24/09/2007 11 05
00245 13/08/2007 12 05
00233 02/07/2007 11 05
00231 25/06/2007 11 05
00217 07/05/2007 11 05
00216 03/05/2007 12 05
00174 04/12/2006 11 05
00172 27/11/2006 11 05
00157 25/09/2006 12 05
00144 26/06/2006 12 05
00137 08/05/2006 11 05
00116 12/12/2005 11 05
00114 28/11/2005 11 05
00113 21/11/2005 11 05
00111 07/11/2005 11 05
00105 26/09/2005 11 05
00101 29/08/2005 11 05
00099 15/08/2005 11 05
00088 30/05/2005 11 05
00073 14/02/2005 11 05
00053 27/09/2004 11 05
00050 06/09/2004 12 05
00028 05/04/2004 11 05
00024 08/03/2004 11 05
00016 12/01/2004 11 05
00012 15/12/2003 11 05
01568 04/10/2017 11 06
01560 15/09/2017 11 06
01549 11/08/2017 11 06
01537 14/07/2017 11 06
01531 30/06/2017 11 06
01524 14/06/2017 11 06
01507 05/05/2017 11 06
01496 07/04/2017 11 06
01491 27/03/2017 11 06
01483 08/03/2017 11 06
01463 18/01/2017 12 06
01458 06/01/2017 11 06
01457 04/01/2017 12 06
01444 05/12/2016 11 06
01437 18/11/2016 11 06
01418 30/09/2016 11 06
01417 28/09/2016 11 06
01414 21/09/2016 12 06
01410 12/09/2016 11 06
01405 24/08/2016 11 06
01393 27/07/2016 11 06
01367 27/05/2016 11 06
01360 11/05/2016 11 06
01351 20/04/2016 11 06
01347 11/04/2016 11 06
01341 28/03/2016 11 06
01341 28/03/2016 11 06
01339 23/03/2016 11 06
01338 21/03/2016 11 06
01335 14/03/2016 12 06
01323 15/02/2016 11 06
01321 10/02/2016 13 06
01318 01/02/2016 12 06
01312 18/01/2016 11 06
01301 23/12/2015 11 06
01300 21/12/2015 11 06
01271 14/10/2015 11 06
01270 13/10/2015 11 06
01266 02/10/2015 12 06
01260 18/09/2015 11 06
01255 08/09/2015 11 06
01236 17/07/2015 11 06
01235 15/07/2015 12 06
01228 29/06/2015 13 06
01222 15/06/2015 11 06
01220 10/06/2015 11 06
01218 05/06/2015 12 06
01217 03/06/2015 11 06
01213 25/05/2015 11 06
01211 20/05/2015 11 06
01198 20/04/2015 11 06
01181 11/03/2015 11 06
01180 09/03/2015 11 06
01163 26/01/2015 11 06
01128 05/11/2014 12 06
01127 03/11/2014 11 06
01105 12/09/2014 12 06
01101 29/08/2014 11 06
01091 06/08/2014 11 06
01084 21/07/2014 11 06
01083 18/07/2014 11 06
01078 07/07/2014 11 06
01074 27/06/2014 11 06
01072 23/06/2014 11 06
01053 09/05/2014 11 06
01032 19/03/2014 12 06
01024 26/02/2014 12 06
01013 31/01/2014 11 06
01007 17/01/2014 11 06
01006 15/01/2014 11 06
00996 18/12/2013 11 06
00995 16/12/2013 12 06
00992 09/12/2013 11 06
00982 16/11/2013 12 06
00980 11/11/2013 11 06
00977 04/11/2013 12 06
00976 01/11/2013 12 06
00975 30/10/2013 12 06
00964 04/10/2013 11 06
00963 02/10/2013 11 06
00960 25/09/2013 11 06
00940 05/08/2013 11 06
00937 29/07/2013 11 06
00933 19/07/2013 11 06
00919 17/06/2013 11 06
00917 12/06/2013 11 06
00916 10/06/2013 12 06
00908 22/05/2013 11 06
00902 08/05/2013 11 06
00872 25/02/2013 11 06
00866 08/02/2013 12 06
00862 30/01/2013 11 06
00861 28/01/2013 12 06
00859 23/01/2013 12 06
00855 14/01/2013 11 06
00847 26/12/2012 11 06
00846 24/12/2012 11 06
00830 16/11/2012 11 06
00811 03/10/2012 11 06
00805 19/09/2012 12 06
00796 24/08/2012 11 06
00794 20/08/2012 11 06
00776 09/07/2012 11 06
00765 13/06/2012 11 06
00762 06/06/2012 11 06
00760 01/06/2012 11 06
00757 25/05/2012 11 06
00747 02/05/2012 12 06
00744 25/04/2012 11 06
00743 23/04/2012 11 06
00739 13/04/2012 11 06
00732 28/03/2012 11 06
00729 21/03/2012 11 06
00726 14/03/2012 11 06
00722 05/03/2012 11 06
00702 05/01/2012 12 06
00693 05/12/2011 11 06
00691 28/11/2011 11 06
00683 31/10/2011 11 06
00675 03/10/2011 11 06
00668 08/09/2011 11 06
00664 25/08/2011 11 06
00658 04/08/2011 11 06
00630 28/04/2011 11 06
00626 14/04/2011 11 06
00625 11/04/2011 11 06
00594 23/12/2010 11 06
00593 20/12/2010 12 06
00564 09/09/2010 11 06
00561 30/08/2010 11 06
00555 09/08/2010 11 06
00554 05/08/2010 11 06
00549 19/07/2010 11 06
00548 15/07/2010 12 06
00537 07/06/2010 12 06
00533 24/05/2010 11 06
00524 22/04/2010 11 06
00521 12/04/2010 12 06
00515 22/03/2010 11 06
00513 15/03/2010 11 06
00510 04/03/2010 11 06
00484 03/12/2009 11 06
00475 03/11/2009 12 06
00471 19/10/2009 11 06
00463 21/09/2009 11 06
00459 08/09/2009 11 06
00456 27/08/2009 11 06
00453 17/08/2009 11 06
00448 30/07/2009 12 06
00441 06/07/2009 13 06
00432 04/06/2009 11 06
00430 28/05/2009 11 06
00409 16/03/2009 11 06
00396 26/01/2009 11 06
00380 01/12/2008 11 06
00362 29/09/2008 11 06
00361 25/09/2008 11 06
00360 22/09/2008 11 06
00329 05/06/2008 11 06
00324 19/05/2008 11 06
00323 15/05/2008 12 06
00321 08/05/2008 11 06
00319 02/05/2008 11 06
00309 27/03/2008 11 06
00307 20/03/2008 11 06
00291 21/01/2008 11 06
00290 17/01/2008 11 06
00286 03/01/2008 11 06
00283 22/12/2007 11 06
00267 29/10/2007 11 06
00262 11/10/2007 11 06
00260 04/10/2007 11 06
00255 17/09/2007 11 06
00254 13/09/2007 11 06
00238 19/07/2007 11 06
00230 21/06/2007 11 06
00223 28/05/2007 11 06
00216 03/05/2007 11 06
00208 05/04/2007 11 06
00207 02/04/2007 11 06
00203 19/03/2007 11 06
00180 26/12/2006 11 06
00174 04/12/2006 12 06
00163 26/10/2006 11 06
00159 09/10/2006 11 06
00154 04/09/2006 11 06
00151 14/08/2006 11 06
00145 03/07/2006 11 06
00114 28/11/2005 11 06
00112 14/11/2005 11 06
00101 29/08/2005 12 06
00099 15/08/2005 12 06
00093 04/07/2005 11 06
00083 25/04/2005 11 06
00064 13/12/2004 12 06
00053 27/09/2004 12 06
00050 06/09/2004 11 06
00043 19/07/2004 11 06
00032 03/05/2004 12 06
00030 19/04/2004 11 06
00025 15/03/2004 12 06
00024 08/03/2004 11 06
00020 09/02/2004 11 06
00019 02/02/2004 11 06
00010 01/12/2003 11 06
00003 13/10/2003 12 06
00001 29/09/2003 11 06
01561 18/09/2017 11 07
01541 24/07/2017 12 07
01535 10/07/2017 12 07
01517 29/05/2017 11 07
01514 22/05/2017 11 07
01511 15/05/2017 11 07
01502 22/04/2017 11 07
01488 20/03/2017 11 07
01470 03/02/2017 11 07
01468 30/01/2017 11 07
01467 27/01/2017 11 07
01466 25/01/2017 11 07
01454 28/12/2016 11 07
01451 21/12/2016 11 07
01448 14/12/2016 11 07
01447 12/12/2016 12 07
01434 11/11/2016 11 07
01432 07/11/2016 11 07
01415 23/09/2016 11 07
01412 16/09/2016 11 07
01408 06/09/2016 11 07
01406 26/08/2016 12 07
01396 03/08/2016 11 07
01388 15/07/2016 11 07
01384 06/07/2016 12 07
01376 17/06/2016 11 07
01371 06/06/2016 13 07
01361 13/05/2016 11 07
01342 30/03/2016 11 07
01330 02/03/2016 11 07
01329 29/02/2016 11 07
01320 05/02/2016 11 07
01316 27/01/2016 11 07
01299 18/12/2015 11 07
01290 27/11/2015 11 07
01287 20/11/2015 12 07
01281 06/11/2015 11 07
01273 19/10/2015 11 07
01263 25/09/2015 11 07
01249 17/08/2015 12 07
01248 14/08/2015 11 07
01231 06/07/2015 11 07
01225 22/06/2015 11 07
01208 13/05/2015 11 07
01206 08/05/2015 11 07
01189 30/03/2015 11 07
01183 16/03/2015 11 07
01176 27/02/2015 11 07
01175 25/02/2015 11 07
01164 28/01/2015 12 07
01162 23/01/2015 12 07
01102 07/09/2014 11 07
01092 08/08/2014 12 07
01086 25/07/2014 11 07
01070 18/06/2014 12 07
01065 06/06/2014 11 07
01046 23/04/2014 12 07
01041 09/04/2014 11 07
01035 26/03/2014 11 07
01020 17/02/2014 11 07
00987 27/11/2013 11 07
00984 20/11/2013 11 07
00971 21/10/2013 11 07
00961 27/09/2013 11 07
00945 16/08/2013 12 07
00942 09/08/2013 12 07
00932 17/07/2013 11 07
00914 05/06/2013 11 07
00913 03/06/2013 12 07
00865 06/02/2013 11 07
00852 07/01/2013 11 07
00843 17/12/2012 11 07
00842 14/12/2012 12 07
00840 10/12/2012 11 07
00826 07/11/2012 11 07
00824 03/11/2012 12 07
00822 29/10/2012 11 07
00814 10/10/2012 11 07
00807 24/09/2012 11 07
00803 14/09/2012 11 07
00799 31/08/2012 11 07
00784 27/07/2012 12 07
00776 09/07/2012 11 07
00769 22/06/2012 11 07
00768 20/06/2012 11 07
00754 18/05/2012 11 07
00750 09/05/2012 11 07
00740 16/04/2012 11 07
00730 23/03/2012 11 07
00718 24/02/2012 11 07
00715 15/02/2012 11 07
00713 10/02/2012 12 07
00710 02/02/2012 11 07
00695 12/12/2011 12 07
00687 14/11/2011 11 07
00685 07/11/2011 12 07
00678 13/10/2011 11 07
00669 13/09/2011 11 07
00667 05/09/2011 11 07
00645 20/06/2011 11 07
00642 09/06/2011 11 07
00640 02/06/2011 11 07
00634 12/05/2011 11 07
00607 07/02/2011 11 07
00598 06/01/2011 12 07
00588 02/12/2010 11 07
00574 14/10/2010 11 07
00571 04/10/2010 12 07
00570 30/09/2010 11 07
00536 04/06/2010 11 07
00534 27/05/2010 11 07
00506 18/02/2010 11 07
00494 07/01/2010 11 07
00486 10/12/2009 11 07
00479 16/11/2009 11 07
00457 31/08/2009 12 07
00454 20/08/2009 11 07
00436 18/06/2009 11 07
00434 12/06/2009 11 07
00431 01/06/2009 12 07
00428 21/05/2009 12 07
00423 04/05/2009 11 07
00418 16/04/2009 11 07
00408 12/03/2009 11 07
00390 05/01/2009 11 07
00385 18/12/2008 11 07
00384 15/12/2008 11 07
00378 24/11/2008 11 07
00368 20/10/2008 11 07
00366 13/10/2008 11 07
00365 09/10/2008 12 07
00364 06/10/2008 11 07
00344 28/07/2008 11 07
00343 24/07/2008 11 07
00342 21/07/2008 12 07
00341 17/07/2008 11 07
00331 12/06/2008 11 07
00328 02/06/2008 14 07
00318 28/04/2008 11 07
00308 24/03/2008 12 07
00305 13/03/2008 12 07
00304 10/03/2008 11 07
00300 25/02/2008 11 07
00284 27/12/2007 11 07
00282 20/12/2007 11 07
00276 29/11/2007 11 07
00253 10/09/2007 11 07
00251 03/09/2007 11 07
00241 30/07/2007 11 07
00238 19/07/2007 11 07
00237 16/07/2007 11 07
00224 31/05/2007 11 07
00214 26/04/2007 11 07
00199 05/03/2007 11 07
00188 22/01/2007 11 07
00187 18/01/2007 12 07
00186 15/01/2007 11 07
00176 11/12/2006 11 07
00173 30/11/2006 12 07
00171 23/11/2006 11 07
00161 19/10/2006 11 07
00153 28/08/2006 11 07
00152 21/08/2006 11 07
00133 10/04/2006 12 07
00131 27/03/2006 11 07
00129 13/03/2006 11 07
00127 01/03/2006 11 07
00123 30/01/2006 12 07
00120 09/01/2006 11 07
00118 27/12/2005 11 07
00111 07/11/2005 11 07
00110 31/10/2005 11 07
00109 24/10/2005 11 07
00097 02/08/2005 11 07
00089 06/06/2005 11 07
00061 22/11/2004 11 07
00058 01/11/2004 11 07
00049 30/08/2004 11 07
00044 26/07/2004 12 07
00041 05/07/2004 11 07
00037 07/06/2004 11 07
00027 29/03/2004 11 07
00009 24/11/2003 11 07
01574 18/10/2017 11 08
01567 02/10/2017 11 08
01553 21/08/2017 11 08
01547 07/08/2017 11 08
01541 24/07/2017 11 08
01537 14/07/2017 11 08
01525 16/06/2017 12 08
01517 29/05/2017 11 08
01500 17/04/2017 11 08
01497 10/04/2017 11 08
01495 05/04/2017 11 08
01493 31/03/2017 11 08
01487 17/03/2017 11 08
01478 22/02/2017 11 08
01475 15/02/2017 11 08
01474 13/02/2017 12 08
01453 26/12/2016 11 08
01451 21/12/2016 12 08
01447 12/12/2016 11 08
01439 23/11/2016 12 08
01427 24/10/2016 11 08
01415 23/09/2016 11 08
01408 06/09/2016 12 08
01404 22/08/2016 11 08
01382 01/07/2016 11 08
01382 01/07/2016 11 08
01354 27/04/2016 11 08
01342 30/03/2016 11 08
01314 22/01/2016 11 08
01276 26/10/2015 11 08
01274 21/10/2015 11 08
01273 19/10/2015 11 08
01264 28/09/2015 11 08
01257 11/09/2015 11 08
01256 09/09/2015 11 08
01248 14/08/2015 11 08
01227 26/06/2015 11 08
01210 18/05/2015 11 08
01208 13/05/2015 12 08
01207 11/05/2015 11 08
01206 08/05/2015 12 08
01203 02/05/2015 11 08
01199 22/04/2015 11 08
01195 13/04/2015 11 08
01191 04/04/2015 11 08
01165 30/01/2015 11 08
01161 21/01/2015 11 08
01093 11/08/2014 11 08
01092 08/08/2014 11 08
01086 25/07/2014 11 08
01081 14/07/2014 11 08
01077 04/07/2014 11 08
01067 11/06/2014 11 08
01063 02/06/2014 11 08
01039 04/04/2014 11 08
01012 29/01/2014 11 08
01005 13/01/2014 11 08
01004 10/01/2014 12 08
00999 27/12/2013 11 08
00991 06/12/2013 11 08
00986 25/11/2013 11 08
00973 25/10/2013 11 08
00955 13/09/2013 11 08
00953 09/09/2013 11 08
00944 14/08/2013 11 08
00926 03/07/2013 11 08
00900 03/05/2013 11 08
00894 17/04/2013 13 08
00882 20/03/2013 12 08
00842 14/12/2012 11 08
00824 03/11/2012 11 08
00823 31/10/2012 11 08
00822 29/10/2012 11 08
00807 24/09/2012 11 08
00789 08/08/2012 11 08
00776 09/07/2012 11 08
00761 04/06/2012 11 08
00741 18/04/2012 11 08
00740 16/04/2012 12 08
00735 04/04/2012 11 08
00715 15/02/2012 11 08
00713 10/02/2012 11 08
00711 06/02/2012 11 08
00703 09/01/2012 11 08
00695 12/12/2011 11 08
00690 24/11/2011 12 08
00684 03/11/2011 11 08
00679 17/10/2011 11 08
00655 25/07/2011 11 08
00642 09/06/2011 12 08
00634 12/05/2011 11 08
00620 24/03/2011 11 08
00617 14/03/2011 11 08
00616 10/03/2011 11 08
00604 27/01/2011 11 08
00598 06/01/2011 11 08
00574 14/10/2010 11 08
00570 30/09/2010 11 08
00567 20/09/2010 11 08
00538 10/06/2010 11 08
00534 27/05/2010 12 08
00511 08/03/2010 13 08
00493 04/01/2010 11 08
00492 31/12/2009 11 08
00489 21/12/2009 12 08
00479 16/11/2009 11 08
00469 13/10/2009 11 08
00468 08/10/2009 11 08
00467 05/10/2009 11 08
00457 31/08/2009 11 08
00447 27/07/2009 11 08
00444 16/07/2009 11 08
00440 02/07/2009 11 08
00439 29/06/2009 11 08
00435 15/06/2009 11 08
00431 01/06/2009 11 08
00418 16/04/2009 11 08
00408 12/03/2009 11 08
00404 26/02/2009 11 08
00390 05/01/2009 13 08
00376 17/11/2008 11 08
00375 13/11/2008 11 08
00356 08/09/2008 11 08
00348 11/08/2008 11 08
00341 17/07/2008 11 08
00339 10/07/2008 11 08
00333 19/06/2008 11 08
00330 09/06/2008 11 08
00328 02/06/2008 12 08
00317 24/04/2008 11 08
00314 14/04/2008 11 08
00308 24/03/2008 12 08
00306 17/03/2008 11 08
00305 13/03/2008 11 08
00293 28/01/2008 11 08
00288 10/01/2008 11 08
00248 23/08/2007 11 08
00245 13/08/2007 11 08
00240 26/07/2007 11 08
00235 09/07/2007 11 08
00234 05/07/2007 11 08
00231 25/06/2007 11 08
00228 14/06/2007 11 08
00214 26/04/2007 11 08
00209 09/04/2007 11 08
00202 15/03/2007 11 08
00201 12/03/2007 11 08
00187 18/01/2007 11 08
00176 11/12/2006 11 08
00175 07/12/2006 11 08
00164 30/10/2006 11 08
00155 11/09/2006 11 08
00147 17/07/2006 11 08
00146 10/07/2006 11 08
00145 03/07/2006 11 08
00140 29/05/2006 11 08
00135 24/04/2006 12 08
00127 01/03/2006 11 08
00118 27/12/2005 11 08
00116 12/12/2005 11 08
00113 21/11/2005 11 08
00111 07/11/2005 13 08
00104 19/09/2005 12 08
00095 18/07/2005 11 08
00092 27/06/2005 11 08
00088 30/05/2005 11 08
00087 23/05/2005 11 08
00073 14/02/2005 12 08
00046 09/08/2004 11 08
00044 26/07/2004 11 08
00027 29/03/2004 11 08
01549 11/08/2017 12 09
01548 09/08/2017 11 09
01541 24/07/2017 11 09
01537 14/07/2017 13 09
01531 30/06/2017 12 09
01530 28/06/2017 11 09
01517 29/05/2017 11 09
01507 05/05/2017 11 09
01502 22/04/2017 12 09
01500 17/04/2017 11 09
01499 15/04/2017 11 09
01495 05/04/2017 12 09
01490 24/03/2017 11 09
01479 24/02/2017 11 09
01472 08/02/2017 11 09
01471 06/02/2017 11 09
01470 03/02/2017 11 09
01464 20/01/2017 11 09
01463 18/01/2017 11 09
01458 06/01/2017 11 09
01457 04/01/2017 12 09
01451 21/12/2016 11 09
01444 05/12/2016 11 09
01439 23/11/2016 11 09
01422 10/10/2016 11 09
01418 30/09/2016 11 09
01417 28/09/2016 11 09
01405 24/08/2016 11 09
01393 27/07/2016 11 09
01376 17/06/2016 11 09
01375 15/06/2016 11 09
01360 11/05/2016 12 09
01354 27/04/2016 11 09
01342 30/03/2016 11 09
01331 04/03/2016 11 09
01329 29/02/2016 12 09
01327 24/02/2016 11 09
01321 10/02/2016 11 09
01303 28/12/2015 11 09
01273 19/10/2015 11 09
01266 02/10/2015 12 09
01265 30/09/2015 11 09
01260 18/09/2015 12 09
01253 26/08/2015 11 09
01235 15/07/2015 11 09
01225 22/06/2015 11 09
01222 15/06/2015 12 09
01218 05/06/2015 12 09
01216 01/06/2015 11 09
01211 20/05/2015 11 09
01208 13/05/2015 13 09
01206 08/05/2015 12 09
01203 02/05/2015 11 09
01188 27/03/2015 12 09
01186 23/03/2015 12 09
01183 16/03/2015 11 09
01164 28/01/2015 11 09
01093 11/08/2014 11 09
01090 04/08/2014 11 09
01083 18/07/2014 11 09
01072 23/06/2014 11 09
01067 11/06/2014 11 09
01053 09/05/2014 12 09
01032 19/03/2014 11 09
01013 31/01/2014 11 09
01006 15/01/2014 11 09
00986 25/11/2013 12 09
00977 04/11/2013 11 09
00973 25/10/2013 11 09
00947 21/08/2013 11 09
00920 19/06/2013 11 09
00917 12/06/2013 11 09
00916 10/06/2013 11 09
00915 07/06/2013 12 09
00914 05/06/2013 12 09
00907 20/05/2013 11 09
00903 10/05/2013 12 09
00893 15/04/2013 11 09
00866 08/02/2013 12 09
00862 30/01/2013 13 09
00859 23/01/2013 11 09
00855 14/01/2013 11 09
00854 11/01/2013 11 09
00851 04/01/2013 11 09
00850 02/01/2013 11 09
00849 31/12/2012 11 09
00842 14/12/2012 12 09
00838 05/12/2012 11 09
00837 03/12/2012 11 09
00817 17/10/2012 11 09
00798 29/08/2012 11 09
00794 20/08/2012 11 09
00784 27/07/2012 11 09
00776 09/07/2012 13 09
00761 04/06/2012 11 09
00757 25/05/2012 11 09
00749 07/05/2012 11 09
00723 07/03/2012 11 09
00715 15/02/2012 13 09
00713 10/02/2012 11 09
00704 12/01/2012 11 09
00703 09/01/2012 11 09
00696 15/12/2011 11 09
00695 12/12/2011 11 09
00690 24/11/2011 11 09
00675 03/10/2011 12 09
00674 29/09/2011 11 09
00664 25/08/2011 11 09
00656 28/07/2011 11 09
00640 02/06/2011 11 09
00634 12/05/2011 11 09
00625 11/04/2011 11 09
00623 04/04/2011 11 09
00593 20/12/2010 12 09
00573 11/10/2010 11 09
00570 30/09/2010 12 09
00542 24/06/2010 11 09
00537 07/06/2010 12 09
00520 08/04/2010 11 09
00513 15/03/2010 11 09
00502 04/02/2010 11 09
00498 21/01/2010 12 09
00486 10/12/2009 11 09
00479 16/11/2009 11 09
00470 15/10/2009 12 09
00457 31/08/2009 11 09
00448 30/07/2009 11 09
00441 06/07/2009 11 09
00435 15/06/2009 11 09
00431 01/06/2009 12 09
00430 28/05/2009 11 09
00428 21/05/2009 12 09
00423 04/05/2009 12 09
00415 06/04/2009 11 09
00408 12/03/2009 12 09
00397 29/01/2009 11 09
00396 26/01/2009 12 09
00392 12/01/2009 11 09
00385 18/12/2008 11 09
00368 20/10/2008 11 09
00362 29/09/2008 11 09
00356 08/09/2008 11 09
00339 10/07/2008 11 09
00328 02/06/2008 11 09
00325 23/05/2008 11 09
00305 13/03/2008 11 09
00291 21/01/2008 11 09
00269 05/11/2007 11 09
00240 26/07/2007 11 09
00234 05/07/2007 11 09
00230 21/06/2007 12 09
00225 04/06/2007 11 09
00214 26/04/2007 12 09
00210 12/04/2007 11 09
00202 15/03/2007 11 09
00201 12/03/2007 11 09
00196 22/02/2007 11 09
00192 05/02/2007 12 09
00190 29/01/2007 11 09
00166 06/11/2006 11 09
00164 30/10/2006 12 09
00162 23/10/2006 11 09
00159 09/10/2006 11 09
00156 18/09/2006 11 09
00155 11/09/2006 11 09
00154 04/09/2006 12 09
00151 14/08/2006 11 09
00145 03/07/2006 12 09
00133 10/04/2006 11 09
00127 01/03/2006 11 09
00122 23/01/2006 11 09
00112 14/11/2005 11 09
00106 03/10/2005 11 09
00098 08/08/2005 11 09
00095 18/07/2005 12 09
00087 23/05/2005 12 09
00083 25/04/2005 11 09
00080 04/04/2005 11 09
00079 28/03/2005 11 09
00074 21/02/2005 11 09
00066 27/12/2004 11 09
00047 16/08/2004 12 09
00037 07/06/2004 12 09
00025 15/03/2004 11 09
00021 16/02/2004 11 09
00001 29/09/2003 11 09
01569 06/10/2017 11 10
01549 11/08/2017 11 10
01539 19/07/2017 11 10
01537 14/07/2017 11 10
01533 05/07/2017 11 10
01531 30/06/2017 11 10
01517 29/05/2017 11 10
01511 15/05/2017 11 10
01507 05/05/2017 12 10
01495 05/04/2017 11 10
01494 03/04/2017 11 10
01493 31/03/2017 11 10
01488 20/03/2017 12 10
01468 30/01/2017 11 10
01467 27/01/2017 11 10
01466 25/01/2017 13 10
01454 28/12/2016 12 10
01451 21/12/2016 13 10
01432 07/11/2016 11 10
01425 19/10/2016 11 10
01408 06/09/2016 12 10
01407 29/08/2016 11 10
01378 22/06/2016 12 10
01365 23/05/2016 11 10
01362 16/05/2016 11 10
01360 11/05/2016 11 10
01352 22/04/2016 11 10
01351 20/04/2016 11 10
01342 30/03/2016 12 10
01321 10/02/2016 11 10
01316 27/01/2016 11 10
01315 25/01/2016 11 10
01304 30/12/2015 11 10
01290 27/11/2015 11 10
01286 18/11/2015 11 10
01270 13/10/2015 11 10
01265 30/09/2015 11 10
01258 14/09/2015 11 10
01242 31/07/2015 11 10
01218 05/06/2015 11 10
01208 13/05/2015 11 10
01207 11/05/2015 11 10
01202 29/04/2015 11 10
01187 25/03/2015 11 10
01175 25/02/2015 13 10
01172 18/02/2015 11 10
01162 23/01/2015 11 10
01128 05/11/2014 11 10
01106 15/09/2014 12 10
01096 18/08/2014 11 10
01070 18/06/2014 11 10
01051 05/05/2014 11 10
01041 09/04/2014 11 10
01034 24/03/2014 11 10
01024 26/02/2014 11 10
01016 07/02/2014 11 10
01013 31/01/2014 11 10
01004 10/01/2014 11 10
01003 09/01/2014 11 10
00998 23/12/2013 11 10
00984 20/11/2013 11 10
00976 01/11/2013 13 10
00975 30/10/2013 11 10
00945 16/08/2013 11 10
00937 29/07/2013 12 10
00934 22/07/2013 12 10
00917 12/06/2013 11 10
00898 26/04/2013 11 10
00869 18/02/2013 11 10
00862 30/01/2013 11 10
00852 07/01/2013 11 10
00846 24/12/2012 12 10
00830 16/11/2012 11 10
00824 03/11/2012 12 10
00823 31/10/2012 11 10
00817 17/10/2012 11 10
00814 10/10/2012 12 10
00792 15/08/2012 11 10
00788 06/08/2012 11 10
00784 27/07/2012 11 10
00777 11/07/2012 11 10
00776 09/07/2012 13 10
00768 20/06/2012 11 10
00765 13/06/2012 11 10
00750 09/05/2012 11 10
00740 16/04/2012 12 10
00739 13/04/2012 11 10
00732 28/03/2012 11 10
00730 23/03/2012 11 10
00726 14/03/2012 11 10
00713 10/02/2012 11 10
00701 02/01/2012 11 10
00695 12/12/2011 11 10
00690 24/11/2011 12 10
00688 17/11/2011 11 10
00687 14/11/2011 11 10
00686 10/11/2011 11 10
00685 07/11/2011 11 10
00684 03/11/2011 11 10
00672 22/09/2011 11 10
00655 25/07/2011 11 10
00650 07/07/2011 11 10
00642 09/06/2011 11 10
00638 26/05/2011 12 10
00636 19/05/2011 13 10
00627 18/04/2011 11 10
00615 05/03/2011 11 10
00609 14/02/2011 11 10
00593 20/12/2010 11 10
00589 06/12/2010 11 10
00588 02/12/2010 11 10
00573 11/10/2010 11 10
00570 30/09/2010 11 10
00564 09/09/2010 11 10
00560 26/08/2010 12 10
00554 05/08/2010 11 10
00528 06/05/2010 11 10
00521 12/04/2010 11 10
00511 08/03/2010 11 10
00510 04/03/2010 12 10
00507 22/02/2010 11 10
00503 08/02/2010 11 10
00499 25/01/2010 12 10
00492 31/12/2009 11 10
00491 28/12/2009 11 10
00475 03/11/2009 11 10
00471 19/10/2009 11 10
00459 08/09/2009 12 10
00456 27/08/2009 12 10
00453 17/08/2009 11 10
00441 06/07/2009 12 10
00439 29/06/2009 11 10
00432 04/06/2009 11 10
00428 21/05/2009 11 10
00408 12/03/2009 12 10
00392 12/01/2009 12 10
00390 05/01/2009 11 10
00387 26/12/2008 11 10
00378 24/11/2008 11 10
00342 21/07/2008 11 10
00332 16/06/2008 12 10
00329 05/06/2008 11 10
00328 02/06/2008 11 10
00323 15/05/2008 11 10
00321 08/05/2008 11 10
00307 20/03/2008 11 10
00305 13/03/2008 11 10
00288 10/01/2008 11 10
00286 03/01/2008 13 10
00283 22/12/2007 11 10
00281 17/12/2007 11 10
00277 03/12/2007 11 10
00238 19/07/2007 12 10
00228 14/06/2007 11 10
00223 28/05/2007 11 10
00214 26/04/2007 11 10
00188 22/01/2007 11 10
00183 04/01/2007 11 10
00178 18/12/2006 11 10
00174 04/12/2006 11 10
00171 23/11/2006 11 10
00160 16/10/2006 11 10
00156 18/09/2006 11 10
00153 28/08/2006 11 10
00147 17/07/2006 11 10
00144 26/06/2006 11 10
00128 06/03/2006 11 10
00127 01/03/2006 11 10
00116 12/12/2005 12 10
00113 21/11/2005 12 10
00112 14/11/2005 11 10
00110 31/10/2005 11 10
00102 05/09/2005 11 10
00099 15/08/2005 12 10
00097 02/08/2005 11 10
00090 13/06/2005 11 10
00083 25/04/2005 12 10
00050 06/09/2004 12 10
00046 09/08/2004 11 10
00044 26/07/2004 12 10
00033 10/05/2004 11 10
00031 26/04/2004 11 10
00024 08/03/2004 12 10
00010 01/12/2003 11 10
00005 27/10/2003 11 10
01574 18/10/2017 11 11
01567 02/10/2017 11 11
01565 27/09/2017 11 11
01562 20/09/2017 11 11
01533 05/07/2017 11 11
01531 30/06/2017 11 11
01527 21/06/2017 11 11
01513 19/05/2017 11 11
01510 12/05/2017 11 11
01502 22/04/2017 11 11
01499 15/04/2017 11 11
01482 06/03/2017 12 11
01475 15/02/2017 11 11
01457 04/01/2017 12 11
01444 05/12/2016 11 11
01443 02/12/2016 12 11
01434 11/11/2016 11 11
01417 28/09/2016 11 11
01387 13/07/2016 13 11
01360 11/05/2016 11 11
01354 27/04/2016 12 11
01342 30/03/2016 11 11
01338 21/03/2016 12 11
01331 04/03/2016 11 11
01321 10/02/2016 11 11
01318 01/02/2016 11 11
01300 21/12/2015 11 11
01266 02/10/2015 12 11
01260 18/09/2015 11 11
01252 24/08/2015 11 11
01236 17/07/2015 11 11
01235 15/07/2015 12 11
01228 29/06/2015 11 11
01222 15/06/2015 11 11
01218 05/06/2015 11 11
01211 20/05/2015 11 11
01207 11/05/2015 12 11
01203 02/05/2015 11 11
01200 24/04/2015 11 11
01192 06/04/2015 11 11
01156 09/01/2015 11 11
01128 05/11/2014 11 11
01106 15/09/2014 11 11
01091 06/08/2014 11 11
01084 21/07/2014 11 11
01077 04/07/2014 11 11
01071 20/06/2014 11 11
01067 11/06/2014 11 11
01053 09/05/2014 11 11
01031 17/03/2014 11 11
01006 15/01/2014 11 11
00999 27/12/2013 11 11
00992 09/12/2013 11 11
00978 06/11/2013 11 11
00976 01/11/2013 11 11
00975 30/10/2013 11 11
00955 13/09/2013 12 11
00953 09/09/2013 12 11
00947 21/08/2013 11 11
00935 24/07/2013 11 11
00933 19/07/2013 11 11
00926 03/07/2013 12 11
00925 01/07/2013 11 11
00923 26/06/2013 11 11
00919 17/06/2013 11 11
00916 10/06/2013 11 11
00908 22/05/2013 11 11
00872 25/02/2013 11 11
00867 13/02/2013 11 11
00866 08/02/2013 11 11
00861 28/01/2013 11 11
00860 25/01/2013 11 11
00859 23/01/2013 11 11
00827 09/11/2012 11 11
00820 24/10/2012 11 11
00811 03/10/2012 11 11
00795 22/08/2012 11 11
00794 20/08/2012 11 11
00766 15/06/2012 11 11
00762 06/06/2012 12 11
00761 04/06/2012 11 11
00760 01/06/2012 11 11
00755 21/05/2012 11 11
00750 09/05/2012 11 11
00749 07/05/2012 11 11
00747 02/05/2012 11 11
00744 25/04/2012 12 11
00743 23/04/2012 11 11
00729 21/03/2012 11 11
00726 14/03/2012 11 11
00723 07/03/2012 12 11
00721 02/03/2012 12 11
00711 06/02/2012 11 11
00702 05/01/2012 11 11
00698 22/12/2011 11 11
00696 15/12/2011 11 11
00690 24/11/2011 11 11
00689 21/11/2011 11 11
00683 31/10/2011 13 11
00675 03/10/2011 11 11
00673 26/09/2011 11 11
00659 08/08/2011 11 11
00658 04/08/2011 11 11
00649 04/07/2011 11 11
00644 16/06/2011 11 11
00622 31/03/2011 12 11
00601 17/01/2011 11 11
00593 20/12/2010 12 11
00567 20/09/2010 11 11
00561 30/08/2010 11 11
00545 05/07/2010 11 11
00532 20/05/2010 12 11
00526 29/04/2010 11 11
00521 12/04/2010 11 11
00515 22/03/2010 11 11
00512 12/03/2010 12 11
00503 08/02/2010 11 11
00481 23/11/2009 11 11
00476 05/11/2009 11 11
00472 22/10/2009 11 11
00471 19/10/2009 12 11
00461 14/09/2009 11 11
00448 30/07/2009 12 11
00441 06/07/2009 11 11
00430 28/05/2009 11 11
00427 18/05/2009 11 11
00403 19/02/2009 11 11
00397 29/01/2009 11 11
00396 26/01/2009 12 11
00382 08/12/2008 11 11
00371 30/10/2008 11 11
00369 23/10/2008 11 11
00364 06/10/2008 11 11
00362 29/09/2008 11 11
00350 18/08/2008 11 11
00344 28/07/2008 11 11
00326 26/05/2008 11 11
00316 22/04/2008 11 11
00298 18/02/2008 11 11
00291 21/01/2008 11 11
00289 14/01/2008 11 11
00288 10/01/2008 12 11
00286 03/01/2008 11 11
00267 29/10/2007 12 11
00266 25/10/2007 11 11
00260 04/10/2007 11 11
00254 13/09/2007 11 11
00245 13/08/2007 11 11
00244 09/08/2007 11 11
00234 05/07/2007 12 11
00233 02/07/2007 11 11
00230 21/06/2007 12 11
00216 03/05/2007 11 11
00208 05/04/2007 12 11
00207 02/04/2007 11 11
00203 19/03/2007 11 11
00201 12/03/2007 11 11
00200 08/03/2007 11 11
00192 05/02/2007 11 11
00180 26/12/2006 11 11
00175 07/12/2006 11 11
00174 04/12/2006 11 11
00169 16/11/2006 11 11
00163 26/10/2006 11 11
00159 09/10/2006 11 11
00154 04/09/2006 12 11
00151 14/08/2006 11 11
00136 02/05/2006 11 11
00130 20/03/2006 11 11
00125 13/02/2006 11 11
00106 03/10/2005 11 11
00083 25/04/2005 11 11
00081 11/04/2005 11 11
00070 24/01/2005 11 11
00038 14/06/2004 11 11
00025 15/03/2004 11 11
00022 25/02/2004 13 11
00012 15/12/2003 11 11
00010 01/12/2003 11 11
00002 06/10/2003 11 11
01577 23/10/2017 11 12
01571 11/10/2017 11 12
01568 04/10/2017 11 12
01564 25/09/2017 11 12
01562 20/09/2017 11 12
01560 15/09/2017 12 12
01549 11/08/2017 11 12
01529 26/06/2017 11 12
01515 24/05/2017 11 12
01509 10/05/2017 11 12
01505 28/04/2017 11 12
01502 22/04/2017 12 12
01500 17/04/2017 11 12
01491 27/03/2017 11 12
01490 24/03/2017 11 12
01485 13/03/2017 11 12
01481 03/03/2017 11 12
01469 01/02/2017 13 12
01458 06/01/2017 12 12
01444 05/12/2016 11 12
01442 30/11/2016 11 12
01437 18/11/2016 11 12
01428 26/10/2016 11 12
01421 07/10/2016 11 12
01417 28/09/2016 11 12
01406 26/08/2016 11 12
01387 13/07/2016 11 12
01386 11/07/2016 11 12
01373 10/06/2016 11 12
01367 27/05/2016 11 12
01358 06/05/2016 11 12
01354 27/04/2016 11 12
01335 14/03/2016 11 12
01324 17/02/2016 11 12
01321 10/02/2016 12 12
01316 27/01/2016 11 12
01312 18/01/2016 13 12
01287 20/11/2015 11 12
01260 18/09/2015 12 12
01250 19/08/2015 11 12
01240 27/07/2015 12 12
01236 17/07/2015 11 12
01235 15/07/2015 12 12
01230 03/07/2015 11 12
01229 01/07/2015 11 12
01228 29/06/2015 11 12
01222 15/06/2015 11 12
01220 10/06/2015 12 12
01218 05/06/2015 11 12
01217 03/06/2015 11 12
01214 27/05/2015 11 12
01212 22/05/2015 11 12
01197 17/04/2015 11 12
01196 15/04/2015 11 12
01192 06/04/2015 11 12
01179 06/03/2015 11 12
01174 23/02/2015 11 12
01162 23/01/2015 11 12
01105 12/09/2014 12 12
01101 29/08/2014 11 12
01088 30/07/2014 11 12
01087 28/07/2014 11 12
01084 21/07/2014 12 12
01083 18/07/2014 11 12
01078 07/07/2014 11 12
01073 25/06/2014 11 12
01054 12/05/2014 11 12
01031 17/03/2014 11 12
01020 17/02/2014 11 12
01013 31/01/2014 12 12
01011 27/01/2014 11 12
00996 18/12/2013 11 12
00992 09/12/2013 12 12
00988 29/11/2013 11 12
00987 27/11/2013 11 12
00982 16/11/2013 12 12
00975 30/10/2013 11 12
00969 16/10/2013 11 12
00968 14/10/2013 11 12
00964 04/10/2013 11 12
00948 23/08/2013 11 12
00945 16/08/2013 12 12
00942 09/08/2013 12 12
00940 05/08/2013 12 12
00938 31/07/2013 11 12
00936 26/07/2013 11 12
00919 17/06/2013 11 12
00917 12/06/2013 12 12
00916 10/06/2013 13 12
00910 27/05/2013 12 12
00904 13/05/2013 11 12
00902 08/05/2013 11 12
00896 22/04/2013 11 12
00890 08/04/2013 12 12
00866 08/02/2013 11 12
00862 30/01/2013 11 12
00859 23/01/2013 13 12
00851 04/01/2013 11 12
00847 26/12/2012 11 12
00811 03/10/2012 11 12
00805 19/09/2012 11 12
00804 17/09/2012 11 12
00797 27/08/2012 11 12
00750 09/05/2012 11 12
00749 07/05/2012 11 12
00695 12/12/2011 11 12
00691 28/11/2011 12 12
00687 14/11/2011 11 12
00682 27/10/2011 11 12
00663 22/08/2011 11 12
00641 06/06/2011 11 12
00635 16/05/2011 12 12
00626 14/04/2011 12 12
00624 07/04/2011 12 12
00622 31/03/2011 11 12
00618 17/03/2011 12 12
00614 03/03/2011 11 12
00588 02/12/2010 11 12
00587 29/11/2010 11 12
00568 23/09/2010 11 12
00563 06/09/2010 11 12
00561 30/08/2010 11 12
00554 05/08/2010 11 12
00548 15/07/2010 11 12
00542 24/06/2010 11 12
00532 20/05/2010 11 12
00521 12/04/2010 12 12
00515 22/03/2010 11 12
00505 13/02/2010 11 12
00502 04/02/2010 11 12
00495 11/01/2010 11 12
00486 10/12/2009 12 12
00485 07/12/2009 11 12
00472 22/10/2009 11 12
00465 28/09/2009 11 12
00463 21/09/2009 11 12
00458 03/09/2009 11 12
00453 17/08/2009 11 12
00396 26/01/2009 12 12
00389 02/01/2009 11 12
00388 29/12/2008 11 12
00386 22/12/2008 11 12
00377 20/11/2008 11 12
00368 20/10/2008 11 12
00364 06/10/2008 11 12
00362 29/09/2008 11 12
00360 22/09/2008 13 12
00352 25/08/2008 12 12
00280 13/12/2007 11 12
00279 10/12/2007 11 12
00276 29/11/2007 11 12
00266 25/10/2007 11 12
00261 08/10/2007 11 12
00260 04/10/2007 13 12
00233 02/07/2007 11 12
00216 03/05/2007 12 12
00214 26/04/2007 11 12
00203 19/03/2007 11 12
00189 25/01/2007 12 12
00180 26/12/2006 11 12
00162 23/10/2006 11 12
00142 12/06/2006 11 12
00123 30/01/2006 11 12
00115 05/12/2005 11 12
00093 04/07/2005 12 12
00081 11/04/2005 11 12
00053 27/09/2004 12 12
00025 15/03/2004 11 12
00017 19/01/2004 12 12
00002 06/10/2003 11 12
01568 04/10/2017 11 13
01549 11/08/2017 11 13
01527 21/06/2017 11 13
01524 14/06/2017 11 13
01491 27/03/2017 12 13
01483 08/03/2017 11 13
01467 27/01/2017 11 13
01449 16/12/2016 11 13
01441 28/11/2016 12 13
01430 31/10/2016 11 13
01417 28/09/2016 11 13
01412 16/09/2016 11 13
01407 29/08/2016 12 13
01406 26/08/2016 12 13
01400 12/08/2016 11 13
01397 05/08/2016 11 13
01386 11/07/2016 11 13
01362 16/05/2016 12 13
01351 20/04/2016 11 13
01342 30/03/2016 11 13
01339 23/03/2016 11 13
01335 14/03/2016 11 13
01329 29/02/2016 11 13
01320 05/02/2016 11 13
01312 18/01/2016 12 13
01298 16/12/2015 11 13
01290 27/11/2015 11 13
01287 20/11/2015 12 13
01281 06/11/2015 11 13
01280 04/11/2015 11 13
01270 13/10/2015 12 13
01265 30/09/2015 11 13
01253 26/08/2015 11 13
01236 17/07/2015 11 13
01228 29/06/2015 11 13
01218 05/06/2015 11 13
01206 08/05/2015 11 13
01203 02/05/2015 11 13
01198 20/04/2015 11 13
01185 20/03/2015 11 13
01181 11/03/2015 12 13
01168 06/02/2015 11 13
01162 23/01/2015 11 13
01156 09/01/2015 11 13
01105 12/09/2014 11 13
01099 25/08/2014 11 13
01095 15/08/2014 11 13
01093 11/08/2014 13 13
01084 21/07/2014 12 13
01083 18/07/2014 11 13
01078 07/07/2014 12 13
01074 27/06/2014 11 13
01073 25/06/2014 11 13
01072 23/06/2014 11 13
01067 11/06/2014 11 13
01045 19/04/2014 11 13
01023 24/02/2014 11 13
01007 17/01/2014 11 13
01006 15/01/2014 11 13
00996 18/12/2013 11 13
00985 22/11/2013 11 13
00982 16/11/2013 11 13
00976 01/11/2013 12 13
00971 21/10/2013 12 13
00961 27/09/2013 11 13
00957 18/09/2013 12 13
00945 16/08/2013 12 13
00942 09/08/2013 11 13
00927 05/07/2013 11 13
00925 01/07/2013 11 13
00919 17/06/2013 11 13
00917 12/06/2013 11 13
00916 10/06/2013 11 13
00915 07/06/2013 11 13
00911 29/05/2013 12 13
00902 08/05/2013 12 13
00893 15/04/2013 11 13
00889 05/04/2013 11 13
00865 06/02/2013 11 13
00820 24/10/2012 11 13
00809 28/09/2012 12 13
00807 24/09/2012 11 13
00805 19/09/2012 11 13
00794 20/08/2012 11 13
00791 13/08/2012 12 13
00784 27/07/2012 11 13
00770 25/06/2012 11 13
00763 08/06/2012 11 13
00762 06/06/2012 11 13
00753 16/05/2012 11 13
00750 09/05/2012 11 13
00740 16/04/2012 11 13
00727 16/03/2012 11 13
00718 24/02/2012 11 13
00713 10/02/2012 12 13
00708 26/01/2012 12 13
00702 05/01/2012 11 13
00689 21/11/2011 11 13
00688 17/11/2011 11 13
00683 31/10/2011 11 13
00663 22/08/2011 12 13
00658 04/08/2011 11 13
00638 26/05/2011 11 13
00626 14/04/2011 12 13
00618 17/03/2011 11 13
00602 20/01/2011 11 13
00599 10/01/2011 11 13
00593 20/12/2010 11 13
00589 06/12/2010 11 13
00563 06/09/2010 11 13
00554 05/08/2010 11 13
00548 15/07/2010 11 13
00535 31/05/2010 11 13
00532 20/05/2010 11 13
00522 15/04/2010 11 13
00517 29/03/2010 12 13
00510 04/03/2010 12 13
00507 22/02/2010 11 13
00495 11/01/2010 11 13
00491 28/12/2009 12 13
00486 10/12/2009 11 13
00485 07/12/2009 11 13
00483 30/11/2009 11 13
00478 12/11/2009 11 13
00475 03/11/2009 11 13
00465 28/09/2009 12 13
00450 06/08/2009 11 13
00441 06/07/2009 11 13
00438 25/06/2009 11 13
00433 08/06/2009 11 13
00431 01/06/2009 11 13
00430 28/05/2009 12 13
00427 18/05/2009 11 13
00406 05/03/2009 11 13
00402 16/02/2009 12 13
00396 26/01/2009 11 13
00395 22/01/2009 11 13
00386 22/12/2008 11 13
00374 10/11/2008 11 13
00369 23/10/2008 11 13
00364 06/10/2008 11 13
00362 29/09/2008 11 13
00350 18/08/2008 11 13
00328 02/06/2008 11 13
00292 24/01/2008 11 13
00290 17/01/2008 11 13
00286 03/01/2008 12 13
00284 27/12/2007 11 13
00278 06/12/2007 11 13
00267 29/10/2007 11 13
00266 25/10/2007 11 13
00236 12/07/2007 11 13
00234 05/07/2007 11 13
00222 24/05/2007 11 13
00216 03/05/2007 12 13
00203 19/03/2007 11 13
00199 05/03/2007 11 13
00192 05/02/2007 12 13
00189 25/01/2007 11 13
00182 02/01/2007 11 13
00179 21/12/2006 11 13
00173 30/11/2006 11 13
00172 27/11/2006 11 13
00163 26/10/2006 12 13
00150 07/08/2006 12 13
00147 17/07/2006 11 13
00138 15/05/2006 11 13
00136 02/05/2006 11 13
00129 13/03/2006 11 13
00127 01/03/2006 11 13
00126 20/02/2006 11 13
00125 13/02/2006 11 13
00114 28/11/2005 11 13
00109 24/10/2005 11 13
00102 05/09/2005 11 13
00074 21/02/2005 11 13
00052 20/09/2004 11 13
00050 06/09/2004 11 13
00037 07/06/2004 11 13
00025 15/03/2004 12 13
00022 25/02/2004 11 13
01567 02/10/2017 11 14
01548 09/08/2017 11 14
01539 19/07/2017 11 14
01537 14/07/2017 13 14
01533 05/07/2017 11 14
01532 03/07/2017 11 14
01531 30/06/2017 11 14
01529 26/06/2017 11 14
01521 07/06/2017 11 14
01520 05/06/2017 11 14
01512 17/05/2017 11 14
01510 12/05/2017 11 14
01507 05/05/2017 11 14
01502 22/04/2017 12 14
01500 17/04/2017 12 14
01499 15/04/2017 11 14
01494 03/04/2017 12 14
01464 20/01/2017 11 14
01463 18/01/2017 11 14
01459 09/01/2017 11 14
01457 04/01/2017 11 14
01451 21/12/2016 11 14
01444 05/12/2016 11 14
01442 30/11/2016 11 14
01439 23/11/2016 12 14
01427 24/10/2016 11 14
01416 26/09/2016 11 14
01405 24/08/2016 11 14
01385 08/07/2016 11 14
01382 01/07/2016 11 14
01382 01/07/2016 11 14
01376 17/06/2016 11 14
01361 13/05/2016 11 14
01360 11/05/2016 11 14
01356 02/05/2016 11 14
01354 27/04/2016 11 14
01338 21/03/2016 12 14
01336 16/03/2016 11 14
01321 10/02/2016 11 14
01316 27/01/2016 11 14
01304 30/12/2015 11 14
01295 09/12/2015 11 14
01293 04/12/2015 11 14
01274 21/10/2015 11 14
01273 19/10/2015 11 14
01260 18/09/2015 11 14
01250 19/08/2015 11 14
01248 14/08/2015 11 14
01235 15/07/2015 13 14
01222 15/06/2015 11 14
01216 01/06/2015 11 14
01211 20/05/2015 11 14
01208 13/05/2015 12 14
01207 11/05/2015 12 14
01202 29/04/2015 11 14
01183 16/03/2015 11 14
01175 25/02/2015 11 14
01166 02/02/2015 11 14
01128 05/11/2014 11 14
01106 15/09/2014 11 14
01101 29/08/2014 11 14
01053 09/05/2014 12 14
01039 04/04/2014 11 14
01034 24/03/2014 11 14
01032 19/03/2014 11 14
01031 17/03/2014 11 14
01030 14/03/2014 11 14
01013 31/01/2014 11 14
01009 22/01/2014 12 14
01004 10/01/2014 11 14
01002 06/01/2014 11 14
01000 30/12/2013 12 14
00992 09/12/2013 11 14
00975 30/10/2013 12 14
00969 16/10/2013 11 14
00964 04/10/2013 11 14
00960 25/09/2013 11 14
00938 31/07/2013 11 14
00917 12/06/2013 11 14
00916 10/06/2013 11 14
00914 05/06/2013 11 14
00913 03/06/2013 11 14
00896 22/04/2013 11 14
00888 03/04/2013 11 14
00882 20/03/2013 11 14
00862 30/01/2013 13 14
00859 23/01/2013 12 14
00857 18/01/2013 11 14
00855 14/01/2013 11 14
00851 04/01/2013 11 14
00849 31/12/2012 11 14
00842 14/12/2012 11 14
00837 03/12/2012 11 14
00824 03/11/2012 11 14
00817 17/10/2012 11 14
00814 10/10/2012 11 14
00789 08/08/2012 11 14
00776 09/07/2012 13 14
00768 20/06/2012 11 14
00761 04/06/2012 11 14
00757 25/05/2012 11 14
00749 07/05/2012 11 14
00747 02/05/2012 11 14
00723 07/03/2012 11 14
00710 02/02/2012 11 14
00695 12/12/2011 11 14
00690 24/11/2011 13 14
00687 14/11/2011 11 14
00679 17/10/2011 11 14
00673 26/09/2011 11 14
00664 25/08/2011 11 14
00661 15/08/2011 11 14
00651 11/07/2011 11 14
00634 12/05/2011 11 14
00590 09/12/2010 11 14
00588 02/12/2010 11 14
00570 30/09/2010 11 14
00564 09/09/2010 11 14
00561 30/08/2010 11 14
00560 26/08/2010 11 14
00537 07/06/2010 11 14
00533 24/05/2010 11 14
00521 12/04/2010 11 14
00515 22/03/2010 11 14
00511 08/03/2010 11 14
00503 08/02/2010 11 14
00499 25/01/2010 12 14
00492 31/12/2009 11 14
00472 22/10/2009 11 14
00471 19/10/2009 11 14
00459 08/09/2009 12 14
00456 27/08/2009 11 14
00454 20/08/2009 11 14
00453 17/08/2009 11 14
00448 30/07/2009 11 14
00445 20/07/2009 11 14
00435 15/06/2009 11 14
00432 04/06/2009 11 14
00428 21/05/2009 12 14
00424 07/05/2009 11 14
00415 06/04/2009 11 14
00408 12/03/2009 12 14
00392 12/01/2009 12 14
00384 15/12/2008 11 14
00377 20/11/2008 11 14
00375 13/11/2008 11 14
00368 20/10/2008 11 14
00361 25/09/2008 11 14
00352 25/08/2008 12 14
00351 21/08/2008 11 14
00327 29/05/2008 11 14
00326 26/05/2008 11 14
00321 08/05/2008 12 14
00316 22/04/2008 11 14
00307 20/03/2008 11 14
00306 17/03/2008 11 14
00301 28/02/2008 11 14
00291 21/01/2008 11 14
00289 14/01/2008 11 14
00288 10/01/2008 12 14
00281 17/12/2007 11 14
00276 29/11/2007 11 14
00269 05/11/2007 11 14
00238 19/07/2007 12 14
00234 05/07/2007 11 14
00230 21/06/2007 11 14
00228 14/06/2007 13 14
00214 26/04/2007 12 14
00207 02/04/2007 12 14
00201 12/03/2007 11 14
00174 04/12/2006 11 14
00168 13/11/2006 11 14
00160 16/10/2006 12 14
00159 09/10/2006 11 14
00156 18/09/2006 11 14
00145 03/07/2006 12 14
00140 29/05/2006 11 14
00112 14/11/2005 12 14
00099 15/08/2005 11 14
00097 02/08/2005 11 14
00095 18/07/2005 13 14
00092 27/06/2005 11 14
00088 30/05/2005 11 14
00058 01/11/2004 11 14
00053 27/09/2004 11 14
00031 26/04/2004 11 14
00028 05/04/2004 11 14
00023 01/03/2004 11 14
01548 09/08/2017 11 15
01537 14/07/2017 12 15
01531 30/06/2017 12 15
01517 29/05/2017 11 15
01512 17/05/2017 11 15
01507 05/05/2017 11 15
01495 05/04/2017 12 15
01494 03/04/2017 11 15
01487 17/03/2017 11 15
01472 08/02/2017 11 15
01470 03/02/2017 11 15
01466 25/01/2017 12 15
01464 20/01/2017 11 15
01457 04/01/2017 11 15
01454 28/12/2016 11 15
01451 21/12/2016 12 15
01426 21/10/2016 11 15
01408 06/09/2016 12 15
01407 29/08/2016 11 15
01404 22/08/2016 11 15
01366 25/05/2016 11 15
01365 23/05/2016 11 15
01362 16/05/2016 12 15
01342 30/03/2016 12 15
01329 29/02/2016 11 15
01320 05/02/2016 11 15
01313 20/01/2016 11 15
01292 02/12/2015 11 15
01277 28/10/2015 11 15
01265 30/09/2015 12 15
01264 28/09/2015 11 15
01221 12/06/2015 11 15
01216 01/06/2015 11 15
01208 13/05/2015 11 15
01207 11/05/2015 11 15
01206 08/05/2015 12 15
01203 02/05/2015 12 15
01199 22/04/2015 11 15
01190 01/04/2015 11 15
01187 25/03/2015 11 15
01175 25/02/2015 12 15
01164 28/01/2015 11 15
01156 09/01/2015 12 15
01106 15/09/2014 12 15
01099 25/08/2014 11 15
01096 18/08/2014 12 15
01093 11/08/2014 11 15
01089 01/08/2014 11 15
01080 11/07/2014 11 15
01071 20/06/2014 11 15
01069 16/06/2014 12 15
01067 11/06/2014 12 15
01055 14/05/2014 11 15
01053 09/05/2014 12 15
01024 26/02/2014 11 15
01010 24/01/2014 11 15
01004 10/01/2014 11 15
00984 20/11/2013 12 15
00976 01/11/2013 12 15
00972 23/10/2013 11 15
00934 22/07/2013 11 15
00925 01/07/2013 11 15
00911 29/05/2013 11 15
00901 06/05/2013 11 15
00879 13/03/2013 11 15
00875 04/03/2013 11 15
00869 18/02/2013 11 15
00867 13/02/2013 11 15
00855 14/01/2013 11 15
00846 24/12/2012 11 15
00824 03/11/2012 12 15
00814 10/10/2012 11 15
00799 31/08/2012 11 15
00791 13/08/2012 11 15
00789 08/08/2012 11 15
00788 06/08/2012 11 15
00786 01/08/2012 11 15
00784 27/07/2012 12 15
00777 11/07/2012 11 15
00776 09/07/2012 12 15
00760 01/06/2012 11 15
00743 23/04/2012 12 15
00740 16/04/2012 12 15
00739 13/04/2012 11 15
00732 28/03/2012 11 15
00729 21/03/2012 11 15
00726 14/03/2012 11 15
00718 24/02/2012 11 15
00715 15/02/2012 11 15
00713 10/02/2012 12 15
00690 24/11/2011 11 15
00688 17/11/2011 11 15
00685 07/11/2011 11 15
00684 03/11/2011 11 15
00675 03/10/2011 11 15
00672 22/09/2011 11 15
00638 26/05/2011 11 15
00636 19/05/2011 11 15
00627 18/04/2011 13 15
00625 11/04/2011 11 15
00623 04/04/2011 11 15
00617 14/03/2011 11 15
00610 17/02/2011 11 15
00593 20/12/2010 11 15
00589 06/12/2010 11 15
00573 11/10/2010 11 15
00570 30/09/2010 11 15
00531 17/05/2010 12 15
00528 06/05/2010 11 15
00510 04/03/2010 12 15
00503 08/02/2010 11 15
00499 25/01/2010 11 15
00492 31/12/2009 11 15
00491 28/12/2009 11 15
00471 19/10/2009 11 15
00459 08/09/2009 11 15
00456 27/08/2009 12 15
00441 06/07/2009 11 15
00439 29/06/2009 11 15
00435 15/06/2009 11 15
00431 01/06/2009 11 15
00428 21/05/2009 11 15
00408 12/03/2009 12 15
00395 22/01/2009 11 15
00392 12/01/2009 12 15
00390 05/01/2009 11 15
00387 26/12/2008 11 15
00382 08/12/2008 11 15
00378 24/11/2008 12 15
00376 17/11/2008 11 15
00350 18/08/2008 11 15
00342 21/07/2008 11 15
00328 02/06/2008 12 15
00308 24/03/2008 11 15
00305 13/03/2008 11 15
00298 18/02/2008 11 15
00297 14/02/2008 11 15
00293 28/01/2008 11 15
00288 10/01/2008 11 15
00286 03/01/2008 12 15
00281 17/12/2007 11 15
00277 03/12/2007 12 15
00267 29/10/2007 11 15
00255 17/09/2007 11 15
00240 26/07/2007 11 15
00238 19/07/2007 11 15
00234 05/07/2007 12 15
00230 21/06/2007 11 15
00223 28/05/2007 11 15
00214 26/04/2007 11 15
00205 26/03/2007 11 15
00200 08/03/2007 11 15
00192 05/02/2007 12 15
00187 18/01/2007 11 15
00176 11/12/2006 12 15
00174 04/12/2006 11 15
00171 23/11/2006 13 15
00164 30/10/2006 11 15
00156 18/09/2006 11 15
00147 17/07/2006 11 15
00146 10/07/2006 11 15
00145 03/07/2006 11 15
00136 02/05/2006 11 15
00127 01/03/2006 11 15
00125 13/02/2006 11 15
00106 03/10/2005 12 15
00102 05/09/2005 11 15
00100 22/08/2005 11 15
00099 15/08/2005 11 15
00097 02/08/2005 11 15
00091 20/06/2005 11 15
00090 13/06/2005 12 15
00083 25/04/2005 11 15
00066 27/12/2004 11 15
00052 20/09/2004 12 15
00044 26/07/2004 11 15
00042 12/07/2004 11 15
00037 07/06/2004 11 15
00031 26/04/2004 11 15
00027 29/03/2004 11 15
00022 25/02/2004 11 15
01570 09/10/2017 11 16
01568 04/10/2017 11 16
01553 21/08/2017 11 16
01549 11/08/2017 11 16
01541 24/07/2017 11 16
01539 19/07/2017 11 16
01537 14/07/2017 12 16
01529 26/06/2017 11 16
01519 02/06/2017 11 16
01507 05/05/2017 11 16
01505 28/04/2017 11 16
01503 24/04/2017 11 16
01502 22/04/2017 11 16
01494 03/04/2017 11 16
01485 13/03/2017 11 16
01481 03/03/2017 11 16
01466 25/01/2017 11 16
01458 06/01/2017 11 16
01454 28/12/2016 11 16
01447 12/12/2016 12 16
01432 07/11/2016 11 16
01428 26/10/2016 11 16
01406 26/08/2016 11 16
01404 22/08/2016 11 16
01386 11/07/2016 12 16
01378 22/06/2016 11 16
01371 06/06/2016 12 16
01370 03/06/2016 11 16
01358 06/05/2016 11 16
01351 20/04/2016 12 16
01326 22/02/2016 11 16
01316 27/01/2016 11 16
01313 20/01/2016 11 16
01312 18/01/2016 11 16
01304 30/12/2015 11 16
01299 18/12/2015 12 16
01298 16/12/2015 11 16
01290 27/11/2015 11 16
01287 20/11/2015 12 16
01265 30/09/2015 11 16
01262 23/09/2015 11 16
01225 22/06/2015 11 16
01210 18/05/2015 11 16
01208 13/05/2015 11 16
01202 29/04/2015 11 16
01183 16/03/2015 11 16
01164 28/01/2015 11 16
01162 23/01/2015 12 16
01105 12/09/2014 11 16
01101 29/08/2014 11 16
01093 11/08/2014 11 16
01087 28/07/2014 11 16
01083 18/07/2014 13 16
01074 27/06/2014 11 16
01073 25/06/2014 11 16
01070 18/06/2014 11 16
01053 09/05/2014 11 16
01029 12/03/2014 12 16
01013 31/01/2014 12 16
00998 23/12/2013 11 16
00996 18/12/2013 11 16
00976 01/11/2013 11 16
00964 04/10/2013 11 16
00952 07/09/2013 11 16
00945 16/08/2013 12 16
00942 09/08/2013 11 16
00936 26/07/2013 11 16
00934 22/07/2013 11 16
00917 12/06/2013 12 16
00916 10/06/2013 11 16
00915 07/06/2013 11 16
00911 29/05/2013 11 16
00902 08/05/2013 11 16
00888 03/04/2013 11 16
00865 06/02/2013 11 16
00863 01/02/2013 11 16
00862 30/01/2013 11 16
00852 07/01/2013 11 16
00840 10/12/2012 12 16
00824 03/11/2012 11 16
00817 17/10/2012 11 16
00814 10/10/2012 11 16
00812 05/10/2012 11 16
00809 28/09/2012 11 16
00807 24/09/2012 11 16
00784 27/07/2012 12 16
00776 09/07/2012 12 16
00763 08/06/2012 11 16
00754 18/05/2012 11 16
00739 13/04/2012 11 16
00732 28/03/2012 11 16
00730 23/03/2012 11 16
00718 24/02/2012 11 16
00713 10/02/2012 11 16
00710 02/02/2012 11 16
00706 19/01/2012 11 16
00695 12/12/2011 13 16
00692 01/12/2011 11 16
00691 28/11/2011 11 16
00687 14/11/2011 11 16
00685 07/11/2011 12 16
00654 21/07/2011 11 16
00642 09/06/2011 11 16
00640 02/06/2011 11 16
00638 26/05/2011 12 16
00637 23/05/2011 11 16
00630 28/04/2011 11 16
00626 14/04/2011 11 16
00619 21/03/2011 11 16
00615 05/03/2011 12 16
00588 02/12/2010 11 16
00560 26/08/2010 11 16
00556 12/08/2010 11 16
00554 05/08/2010 12 16
00522 15/04/2010 11 16
00513 15/03/2010 11 16
00510 04/03/2010 11 16
00501 01/02/2010 11 16
00499 25/01/2010 11 16
00491 28/12/2009 11 16
00486 10/12/2009 11 16
00485 07/12/2009 11 16
00465 28/09/2009 11 16
00464 24/09/2009 11 16
00463 21/09/2009 11 16
00457 31/08/2009 11 16
00456 27/08/2009 11 16
00453 17/08/2009 11 16
00449 03/08/2009 11 16
00438 25/06/2009 11 16
00431 01/06/2009 11 16
00428 21/05/2009 13 16
00423 04/05/2009 12 16
00415 06/04/2009 11 16
00408 12/03/2009 11 16
00393 15/01/2009 11 16
00392 12/01/2009 11 16
00386 22/12/2008 11 16
00384 15/12/2008 12 16
00374 10/11/2008 11 16
00368 20/10/2008 11 16
00360 22/09/2008 11 16
00353 28/08/2008 11 16
00352 25/08/2008 11 16
00342 21/07/2008 11 16
00329 05/06/2008 12 16
00328 02/06/2008 12 16
00308 24/03/2008 11 16
00305 13/03/2008 11 16
00295 07/02/2008 11 16
00286 03/01/2008 11 16
00276 29/11/2007 11 16
00252 06/09/2007 11 16
00243 06/08/2007 11 16
00238 19/07/2007 11 16
00214 26/04/2007 12 16
00202 15/03/2007 11 16
00188 22/01/2007 11 16
00187 18/01/2007 12 16
00186 15/01/2007 11 16
00182 02/01/2007 11 16
00176 11/12/2006 11 16
00173 30/11/2006 11 16
00171 23/11/2006 11 16
00161 19/10/2006 11 16
00153 28/08/2006 12 16
00145 03/07/2006 11 16
00144 26/06/2006 11 16
00143 19/06/2006 11 16
00133 10/04/2006 11 16
00128 06/03/2006 11 16
00127 01/03/2006 11 16
00123 30/01/2006 11 16
00112 14/11/2005 11 16
00110 31/10/2005 11 16
00102 05/09/2005 11 16
00099 15/08/2005 11 16
00090 13/06/2005 11 16
00089 06/06/2005 11 16
00077 14/03/2005 11 16
00065 20/12/2004 11 16
00060 16/11/2004 12 16
00057 25/10/2004 11 16
00041 05/07/2004 11 16
00031 26/04/2004 12 16
00030 19/04/2004 11 16
00024 08/03/2004 11 16
00021 16/02/2004 11 16
01577 23/10/2017 12 17
01573 16/10/2017 11 17
01567 02/10/2017 12 17
01565 27/09/2017 11 17
01500 17/04/2017 11 17
01496 07/04/2017 11 17
01478 22/02/2017 11 17
01463 18/01/2017 11 17
01459 09/01/2017 11 17
01444 05/12/2016 11 17
01434 11/11/2016 11 17
01429 28/10/2016 11 17
01421 07/10/2016 12 17
01416 26/09/2016 12 17
01396 03/08/2016 11 17
01393 27/07/2016 11 17
01387 13/07/2016 11 17
01385 08/07/2016 12 17
01382 01/07/2016 11 17
01382 01/07/2016 11 17
01364 20/05/2016 11 17
01363 18/05/2016 11 17
01356 02/05/2016 11 17
01354 27/04/2016 11 17
01347 11/04/2016 11 17
01336 16/03/2016 13 17
01333 09/03/2016 11 17
01321 10/02/2016 11 17
01306 04/01/2016 11 17
01300 21/12/2015 12 17
01296 11/12/2015 11 17
01295 09/12/2015 12 17
01293 04/12/2015 11 17
01291 30/11/2015 11 17
01282 09/11/2015 11 17
01278 30/10/2015 11 17
01273 19/10/2015 11 17
01250 19/08/2015 11 17
01249 17/08/2015 11 17
01239 24/07/2015 12 17
01235 15/07/2015 11 17
01217 03/06/2015 11 17
01215 29/05/2015 11 17
01209 15/05/2015 11 17
01207 11/05/2015 11 17
01195 13/04/2015 12 17
01166 02/02/2015 12 17
01163 26/01/2015 11 17
01100 27/08/2014 13 17
01097 20/08/2014 11 17
01092 08/08/2014 11 17
01090 04/08/2014 11 17
01079 09/07/2014 11 17
01077 04/07/2014 11 17
01068 13/06/2014 11 17
01043 14/04/2014 11 17
01043 14/04/2014 11 17
01037 31/03/2014 11 17
01036 28/03/2014 12 17
01031 17/03/2014 11 17
01026 05/03/2014 11 17
01020 17/02/2014 11 17
01009 22/01/2014 12 17
01005 13/01/2014 11 17
01001 03/01/2014 11 17
00992 09/12/2013 11 17
00990 04/12/2013 11 17
00988 29/11/2013 11 17
00987 27/11/2013 11 17
00975 30/10/2013 11 17
00963 02/10/2013 11 17
00953 09/09/2013 11 17
00926 03/07/2013 12 17
00924 28/06/2013 11 17
00913 03/06/2013 11 17
00904 13/05/2013 12 17
00859 23/01/2013 11 17
00851 04/01/2013 12 17
00847 26/12/2012 11 17
00842 14/12/2012 11 17
00833 23/11/2012 11 17
00826 07/11/2012 11 17
00782 23/07/2012 12 17
00778 13/07/2012 11 17
00775 06/07/2012 11 17
00773 02/07/2012 11 17
00768 20/06/2012 11 17
00761 04/06/2012 11 17
00738 11/04/2012 11 17
00735 04/04/2012 11 17
00725 12/03/2012 11 17
00724 09/03/2012 11 17
00723 07/03/2012 11 17
00714 13/02/2012 11 17
00690 24/11/2011 11 17
00679 17/10/2011 11 17
00673 26/09/2011 12 17
00671 19/09/2011 12 17
00661 15/08/2011 11 17
00652 14/07/2011 11 17
00651 11/07/2011 11 17
00635 16/05/2011 11 17
00622 31/03/2011 11 17
00620 24/03/2011 11 17
00614 03/03/2011 11 17
00604 27/01/2011 11 17
00601 17/01/2011 11 17
00595 27/12/2010 11 17
00588 02/12/2010 11 17
00587 29/11/2010 11 17
00585 22/11/2010 11 17
00579 01/11/2010 11 17
00565 13/09/2010 11 17
00561 30/08/2010 11 17
00557 16/08/2010 11 17
00553 02/08/2010 11 17
00550 22/07/2010 11 17
00545 05/07/2010 11 17
00541 21/06/2010 11 17
00540 17/06/2010 11 17
00538 10/06/2010 11 17
00520 08/04/2010 11 17
00518 01/04/2010 12 17
00515 22/03/2010 12 17
00511 08/03/2010 11 17
00506 18/02/2010 11 17
00504 11/02/2010 11 17
00488 17/12/2009 12 17
00487 14/12/2009 11 17
00481 23/11/2009 11 17
00480 19/11/2009 11 17
00476 05/11/2009 12 17
00472 22/10/2009 11 17
00461 14/09/2009 11 17
00454 20/08/2009 11 17
00452 13/08/2009 12 17
00448 30/07/2009 12 17
00442 09/07/2009 11 17
00425 11/05/2009 11 17
00424 07/05/2009 11 17
00418 16/04/2009 11 17
00410 19/03/2009 11 17
00396 26/01/2009 11 17
00390 05/01/2009 11 17
00375 13/11/2008 11 17
00361 25/09/2008 11 17
00347 07/08/2008 12 17
00291 21/01/2008 11 17
00280 13/12/2007 11 17
00275 26/11/2007 11 17
00273 19/11/2007 11 17
00268 01/11/2007 11 17
00265 22/10/2007 11 17
00260 04/10/2007 11 17
00257 24/09/2007 11 17
00245 13/08/2007 11 17
00244 09/08/2007 12 17
00228 14/06/2007 11 17
00227 11/06/2007 11 17
00224 31/05/2007 11 17
00220 17/05/2007 11 17
00175 07/12/2006 11 17
00151 14/08/2006 11 17
00149 01/08/2006 11 17
00123 30/01/2006 11 17
00117 19/12/2005 13 17
00111 07/11/2005 11 17
00104 19/09/2005 11 17
00093 04/07/2005 11 17
00058 01/11/2004 11 17
00053 27/09/2004 11 17
00028 05/04/2004 11 17
00019 02/02/2004 11 17
00018 26/01/2004 11 17
00013 22/12/2003 11 17
00002 06/10/2003 11 17
01575 20/10/2017 11 18
01527 21/06/2017 11 18
01526 19/06/2017 11 18
01524 14/06/2017 11 18
01523 12/06/2017 11 18
01513 19/05/2017 11 18
01491 27/03/2017 11 18
01483 08/03/2017 11 18
01476 17/02/2017 11 18
01467 27/01/2017 11 18
01452 23/12/2016 11 18
01434 11/11/2016 11 18
01433 09/11/2016 11 18
01412 16/09/2016 12 18
01411 14/09/2016 11 18
01408 06/09/2016 11 18
01407 29/08/2016 11 18
01399 10/08/2016 11 18
01375 15/06/2016 11 18
01366 25/05/2016 11 18
01365 23/05/2016 11 18
01363 18/05/2016 11 18
01362 16/05/2016 11 18
01353 25/04/2016 12 18
01352 22/04/2016 11 18
01342 30/03/2016 11 18
01328 26/02/2016 11 18
01319 03/02/2016 11 18
01300 21/12/2015 12 18
01295 09/12/2015 11 18
01282 09/11/2015 12 18
01281 06/11/2015 11 18
01239 24/07/2015 11 18
01237 20/07/2015 12 18
01232 08/07/2015 11 18
01206 08/05/2015 12 18
01203 02/05/2015 11 18
01201 27/04/2015 11 18
01200 24/04/2015 11 18
01185 20/03/2015 11 18
01181 11/03/2015 11 18
01156 09/01/2015 11 18
01100 27/08/2014 11 18
01099 25/08/2014 11 18
01093 11/08/2014 11 18
01091 06/08/2014 11 18
01081 14/07/2014 11 18
01080 11/07/2014 11 18
01078 07/07/2014 11 18
01063 02/06/2014 12 18
01037 31/03/2014 11 18
01035 26/03/2014 11 18
01001 03/01/2014 11 18
00994 13/12/2013 11 18
00993 11/12/2013 11 18
00991 06/12/2013 11 18
00985 22/11/2013 11 18
00984 20/11/2013 11 18
00979 08/11/2013 11 18
00971 21/10/2013 11 18
00959 23/09/2013 11 18
00953 09/09/2013 11 18
00949 26/08/2013 11 18
00943 12/08/2013 11 18
00930 12/07/2013 11 18
00926 03/07/2013 12 18
00925 01/07/2013 11 18
00894 17/04/2013 11 18
00876 06/03/2013 11 18
00875 04/03/2013 11 18
00869 18/02/2013 11 18
00867 13/02/2013 11 18
00860 25/01/2013 11 18
00846 24/12/2012 11 18
00832 21/11/2012 11 18
00825 05/11/2012 11 18
00821 26/10/2012 11 18
00815 13/10/2012 11 18
00791 13/08/2012 11 18
00786 01/08/2012 11 18
00778 13/07/2012 11 18
00777 11/07/2012 11 18
00766 15/06/2012 11 18
00762 06/06/2012 11 18
00743 23/04/2012 11 18
00740 16/04/2012 12 18
00735 04/04/2012 11 18
00725 12/03/2012 11 18
00718 24/02/2012 11 18
00714 13/02/2012 11 18
00713 10/02/2012 11 18
00696 15/12/2011 11 18
00683 31/10/2011 11 18
00658 04/08/2011 12 18
00655 25/07/2011 11 18
00644 16/06/2011 11 18
00613 28/02/2011 11 18
00602 20/01/2011 11 18
00595 27/12/2010 11 18
00593 20/12/2010 11 18
00567 20/09/2010 11 18
00553 02/08/2010 11 18
00545 05/07/2010 11 18
00524 22/04/2010 11 18
00514 18/03/2010 11 18
00488 17/12/2009 11 18
00483 30/11/2009 11 18
00481 23/11/2009 11 18
00478 12/11/2009 11 18
00476 05/11/2009 11 18
00468 08/10/2009 11 18
00467 05/10/2009 11 18
00450 06/08/2009 11 18
00448 30/07/2009 11 18
00442 09/07/2009 12 18
00439 29/06/2009 11 18
00430 28/05/2009 11 18
00418 16/04/2009 11 18
00403 19/02/2009 11 18
00390 05/01/2009 12 18
00383 11/12/2008 12 18
00369 23/10/2008 12 18
00344 28/07/2008 11 18
00333 19/06/2008 11 18
00332 16/06/2008 11 18
00318 28/04/2008 11 18
00297 14/02/2008 11 18
00290 17/01/2008 11 18
00287 07/01/2008 11 18
00284 27/12/2007 11 18
00277 03/12/2007 11 18
00274 22/11/2007 11 18
00267 29/10/2007 11 18
00249 27/08/2007 11 18
00244 09/08/2007 12 18
00239 23/07/2007 11 18
00232 28/06/2007 11 18
00223 28/05/2007 11 18
00220 17/05/2007 11 18
00210 12/04/2007 12 18
00209 09/04/2007 11 18
00194 12/02/2007 11 18
00163 26/10/2006 11 18
00150 07/08/2006 11 18
00136 02/05/2006 11 18
00129 13/03/2006 11 18
00125 13/02/2006 11 18
00117 19/12/2005 12 18
00111 07/11/2005 11 18
00105 26/09/2005 11 18
00104 19/09/2005 12 18
00067 03/01/2005 12 18
00044 26/07/2004 11 18
00027 29/03/2004 11 18
00022 25/02/2004 11 18
00016 12/01/2004 11 18
01577 23/10/2017 11 19
01570 09/10/2017 11 19
01526 19/06/2017 12 19
01501 19/04/2017 11 19
01491 27/03/2017 12 19
01483 08/03/2017 11 19
01481 03/03/2017 12 19
01467 27/01/2017 11 19
01461 13/01/2017 11 19
01458 06/01/2017 11 19
01437 18/11/2016 11 19
01428 26/10/2016 11 19
01424 17/10/2016 11 19
01421 07/10/2016 11 19
01412 16/09/2016 13 19
01406 26/08/2016 11 19
01396 03/08/2016 12 19
01395 01/08/2016 11 19
01371 06/06/2016 12 19
01370 03/06/2016 11 19
01351 20/04/2016 12 19
01330 02/03/2016 11 19
01324 17/02/2016 11 19
01323 15/02/2016 11 19
01312 18/01/2016 12 19
01308 08/01/2016 11 19
01299 18/12/2015 12 19
01298 16/12/2015 11 19
01296 11/12/2015 11 19
01287 20/11/2015 13 19
01282 09/11/2015 12 19
01225 22/06/2015 11 19
01220 10/06/2015 11 19
01201 27/04/2015 12 19
01185 20/03/2015 12 19
01181 11/03/2015 11 19
01163 26/01/2015 11 19
01162 23/01/2015 11 19
01126 31/10/2014 11 19
01105 12/09/2014 11 19
01095 15/08/2014 11 19
01093 11/08/2014 11 19
01082 16/07/2014 11 19
01079 09/07/2014 11 19
01078 07/07/2014 12 19
01074 27/06/2014 11 19
01073 25/06/2014 11 19
01070 18/06/2014 11 19
01058 21/05/2014 12 19
01045 19/04/2014 11 19
01038 02/04/2014 11 19
01037 31/03/2014 11 19
01036 28/03/2014 11 19
01035 26/03/2014 11 19
01028 10/03/2014 11 19
01001 03/01/2014 11 19
00996 18/12/2013 11 19
00987 27/11/2013 11 19
00985 22/11/2013 11 19
00982 16/11/2013 11 19
00971 21/10/2013 12 19
00959 23/09/2013 11 19
00948 23/08/2013 11 19
00945 16/08/2013 12 19
00942 09/08/2013 11 19
00927 05/07/2013 11 19
00910 27/05/2013 11 19
00904 13/05/2013 11 19
00889 05/04/2013 11 19
00876 06/03/2013 11 19
00865 06/02/2013 11 19
00853 09/01/2013 11 19
00847 26/12/2012 11 19
00840 10/12/2012 12 19
00833 23/11/2012 11 19
00829 14/11/2012 11 19
00815 13/10/2012 11 19
00812 05/10/2012 11 19
00809 28/09/2012 11 19
00797 27/08/2012 11 19
00778 13/07/2012 11 19
00773 02/07/2012 11 19
00754 18/05/2012 11 19
00738 11/04/2012 11 19
00735 04/04/2012 11 19
00727 16/03/2012 11 19
00720 01/03/2012 11 19
00718 24/02/2012 11 19
00695 12/12/2011 11 19
00691 28/11/2011 11 19
00663 22/08/2011 12 19
00652 14/07/2011 11 19
00647 27/06/2011 12 19
00645 20/06/2011 11 19
00641 06/06/2011 11 19
00637 23/05/2011 12 19
00635 16/05/2011 11 19
00618 17/03/2011 11 19
00614 03/03/2011 12 19
00607 07/02/2011 11 19
00599 10/01/2011 11 19
00588 02/12/2010 11 19
00587 29/11/2010 11 19
00574 14/10/2010 11 19
00550 22/07/2010 11 19
00538 10/06/2010 11 19
00536 04/06/2010 11 19
00535 31/05/2010 11 19
00529 10/05/2010 11 19
00522 15/04/2010 12 19
00514 18/03/2010 11 19
00506 18/02/2010 11 19
00505 13/02/2010 11 19
00488 17/12/2009 11 19
00485 07/12/2009 11 19
00483 30/11/2009 11 19
00480 19/11/2009 11 19
00463 21/09/2009 12 19
00450 06/08/2009 12 19
00442 09/07/2009 11 19
00438 25/06/2009 11 19
00418 16/04/2009 11 19
00416 09/04/2009 11 19
00411 23/03/2009 11 19
00366 13/10/2008 12 19
00353 28/08/2008 11 19
00341 17/07/2008 12 19
00299 21/02/2008 12 19
00290 17/01/2008 11 19
00284 27/12/2007 11 19
00259 01/10/2007 11 19
00258 27/09/2007 11 19
00237 16/07/2007 11 19
00232 28/06/2007 11 19
00216 03/05/2007 11 19
00189 25/01/2007 11 19
00186 15/01/2007 11 19
00161 19/10/2006 11 19
00152 21/08/2006 11 19
00150 07/08/2006 11 19
00149 01/08/2006 11 19
00129 13/03/2006 13 19
00123 30/01/2006 13 19
00117 19/12/2005 11 19
00115 05/12/2005 11 19
00111 07/11/2005 11 19
00109 24/10/2005 11 19
00104 19/09/2005 11 19
00093 04/07/2005 12 19
00089 06/06/2005 11 19
00048 23/08/2004 12 19
00039 21/06/2004 11 19
00026 22/03/2004 11 19
00014 29/12/2003 11 19
01548 09/08/2017 11 20
01537 14/07/2017 11 20
01526 19/06/2017 11 20
01522 09/06/2017 11 20
01517 29/05/2017 11 20
01493 31/03/2017 11 20
01480 01/03/2017 11 20
01470 03/02/2017 11 20
01466 25/01/2017 11 20
01464 20/01/2017 11 20
01463 18/01/2017 11 20
01454 28/12/2016 11 20
01452 23/12/2016 11 20
01451 21/12/2016 11 20
01440 25/11/2016 11 20
01427 24/10/2016 11 20
01418 30/09/2016 11 20
01415 23/09/2016 11 20
01408 06/09/2016 11 20
01396 03/08/2016 11 20
01385 08/07/2016 11 20
01382 01/07/2016 12 20
01382 01/07/2016 12 20
01371 06/06/2016 11 20
01368 30/05/2016 11 20
01366 25/05/2016 11 20
01365 23/05/2016 11 20
01364 20/05/2016 11 20
01363 18/05/2016 11 20
01361 13/05/2016 11 20
01357 04/05/2016 11 20
01352 22/04/2016 12 20
01351 20/04/2016 11 20
01336 16/03/2016 12 20
01330 02/03/2016 11 20
01313 20/01/2016 11 20
01300 21/12/2015 11 20
01296 11/12/2015 11 20
01295 09/12/2015 12 20
01282 09/11/2015 11 20
01274 21/10/2015 11 20
01272 16/10/2015 11 20
01264 28/09/2015 11 20
01248 14/08/2015 11 20
01225 22/06/2015 11 20
01216 01/06/2015 11 20
01215 29/05/2015 11 20
01206 08/05/2015 11 20
01201 27/04/2015 11 20
01195 13/04/2015 11 20
01175 25/02/2015 11 20
01171 13/02/2015 11 20
01164 28/01/2015 11 20
01092 08/08/2014 11 20
01090 04/08/2014 11 20
01086 25/07/2014 11 20
01082 16/07/2014 11 20
01076 02/07/2014 12 20
01070 18/06/2014 12 20
01068 13/06/2014 11 20
01041 09/04/2014 11 20
01037 31/03/2014 11 20
01036 28/03/2014 11 20
01035 26/03/2014 11 20
01014 03/02/2014 11 20
01009 22/01/2014 11 20
01004 10/01/2014 11 20
01002 06/01/2014 11 20
01001 03/01/2014 11 20
00984 20/11/2013 11 20
00951 30/08/2013 11 20
00944 14/08/2013 11 20
00913 03/06/2013 11 20
00888 03/04/2013 11 20
00887 01/04/2013 12 20
00882 20/03/2013 11 20
00869 18/02/2013 11 20
00864 04/02/2013 11 20
00849 31/12/2012 11 20
00846 24/12/2012 11 20
00842 14/12/2012 11 20
00840 10/12/2012 11 20
00826 07/11/2012 11 20
00824 03/11/2012 11 20
00822 29/10/2012 11 20
00815 13/10/2012 12 20
00814 10/10/2012 12 20
00808 26/09/2012 11 20
00803 14/09/2012 11 20
00782 23/07/2012 11 20
00776 09/07/2012 11 20
00768 20/06/2012 11 20
00740 16/04/2012 11 20
00735 04/04/2012 12 20
00732 28/03/2012 11 20
00720 01/03/2012 11 20
00718 24/02/2012 11 20
00715 15/02/2012 11 20
00710 02/02/2012 11 20
00703 09/01/2012 12 20
00701 02/01/2012 11 20
00695 12/12/2011 11 20
00690 24/11/2011 11 20
00685 07/11/2011 11 20
00679 17/10/2011 12 20
00674 29/09/2011 11 20
00670 15/09/2011 12 20
00665 29/08/2011 11 20
00661 15/08/2011 11 20
00655 25/07/2011 11 20
00588 02/12/2010 11 20
00582 11/11/2010 11 20
00581 08/11/2010 11 20
00576 21/10/2010 11 20
00574 14/10/2010 11 20
00560 26/08/2010 11 20
00551 26/07/2010 11 20
00538 10/06/2010 11 20
00511 08/03/2010 11 20
00504 11/02/2010 11 20
00489 21/12/2009 11 20
00488 17/12/2009 11 20
00466 01/10/2009 11 20
00457 31/08/2009 11 20
00456 27/08/2009 11 20
00454 20/08/2009 11 20
00439 29/06/2009 11 20
00436 18/06/2009 11 20
00428 21/05/2009 12 20
00425 11/05/2009 11 20
00418 16/04/2009 12 20
00415 06/04/2009 12 20
00408 12/03/2009 11 20
00400 09/02/2009 11 20
00392 12/01/2009 11 20
00390 05/01/2009 12 20
00384 15/12/2008 11 20
00376 17/11/2008 11 20
00373 06/11/2008 11 20
00359 18/09/2008 11 20
00345 31/07/2008 11 20
00328 02/06/2008 11 20
00320 05/05/2008 11 20
00301 28/02/2008 11 20
00277 03/12/2007 11 20
00238 19/07/2007 11 20
00235 09/07/2007 12 20
00228 14/06/2007 12 20
00226 08/06/2007 11 20
00224 31/05/2007 11 20
00220 17/05/2007 12 20
00202 15/03/2007 11 20
00194 12/02/2007 11 20
00191 01/02/2007 11 20
00187 18/01/2007 12 20
00176 11/12/2006 12 20
00171 23/11/2006 11 20
00161 19/10/2006 11 20
00145 03/07/2006 11 20
00123 30/01/2006 11 20
00117 19/12/2005 11 20
00116 12/12/2005 11 20
00111 07/11/2005 12 20
00104 19/09/2005 11 20
00097 02/08/2005 12 20
00091 20/06/2005 11 20
00090 13/06/2005 11 20
00089 06/06/2005 12 20
00063 06/12/2004 11 20
00044 26/07/2004 11 20
00039 21/06/2004 11 20
00027 29/03/2004 12 20
00018 26/01/2004 11 20
